Version 0.9.7
19
 4 -1 298 77 128 0 1
 5 80 400 206 81 2 2
 0 84 83 877 276 8 3
 0 83 355 877 276 140 4
 0 961 83 877 276 272 5
 0 959 356 877 276 404 6
 0 959 632 877 276 536 7
 1 108 0 206 81 668 8
 1 318 -2 206 81 678 9
 3 726 0 203 58 688 10
 3 525 -2 203 58 697 12
 3 574 631 203 58 706 13
 3 755 633 203 58 715 14
 1 1004 -1 206 81 724 15
 3 1405 14 203 58 734 16
 3 1624 11 203 58 743 17
 0 964 907 877 276 752 18
 6 211 665 449 130 884 19
 0 82 822 877 276 917 20
 0
550
 255 5 150 110 150 110 92 110 92 331 150 331 150 331 0 3 0 3
 255 5 163 331 163 331 163 382 163 382 162 382 162 382 0 3 0 4
 255 5 149 382 149 382 89 382 89 603 149 603 149 603 0 4 0 4
 255 5 904 110 904 110 904 110 1014 110 1014 110 1014 110 0 3 0 5
 255 5 903 382 903 382 1012 382 1012 382 1012 383 1012 383 0 4 0 6
 255 5 903 603 903 603 1012 603 1012 603 1012 604 1012 604 0 4 0 6
 65793 5 149 369 149 369 76 369 76 611 149 611 149 616 0 4 0 4
 65793 5 903 369 903 369 1012 369 1012 369 1012 370 1012 370 0 4 0 6
 65793 5 904 344 904 344 904 344 1014 344 1014 344 1014 344 0 3 0 5
 65793 5 903 616 903 616 1012 616 1012 616 1012 617 1012 617 0 4 0 6
 65793 5 176 344 176 344 176 369 176 369 175 369 175 369 0 3 0 4
 255 5 904 331 904 331 904 331 1014 331 1014 331 1014 331 0 3 0 5
 65793 5 137 97 137 97 82 97 82 344 137 344 137 344 0 3 0 3
 0 5 123 69 123 69 122 69 122 97 150 97 150 97 0 8 0 3
 0 5 333 67 333 67 334 67 334 97 306 97 306 97 0 9 0 3
 255 5 123 11 123 11 109 11 109 110 137 110 137 110 0 8 0 3
 255 5 333 9 333 9 322 9 322 110 332 110 332 110 0 9 0 3
 4194432 5 164 37 164 37 164 36 144 36 144 149 111 149 0 8 0 3
 4194432 5 183 37 183 37 142 37 142 149 124 149 124 149 0 8 0 3
 4194432 5 202 37 202 37 137 37 137 37 137 149 137 149 0 8 0 3
 4194432 5 221 37 221 37 150 37 150 37 150 149 150 149 0 8 0 3
 4194432 5 176 149 176 131 148 131 148 37 240 37 240 37 0 3 0 8
 4194432 5 259 37 259 37 147 37 147 131 189 131 189 149 0 8 0 3
 4194432 5 278 37 278 37 143 37 143 127 202 127 202 149 0 8 0 3
 4194432 5 297 37 297 37 142 37 142 128 215 128 215 149 0 8 0 3
 8388863 5 374 35 374 35 144 35 144 132 241 132 241 149 0 9 0 3
 8388863 5 393 35 393 35 142 35 142 131 254 131 254 149 0 9 0 3
 8388863 5 412 35 412 35 143 35 143 132 267 132 267 149 0 9 0 3
 8388863 5 431 35 431 35 149 35 149 132 280 132 280 149 0 9 0 3
 8388863 5 450 35 450 35 146 35 146 129 306 129 306 149 0 9 0 3
 8388863 5 469 35 469 35 146 35 146 154 319 154 319 149 0 9 0 3
 8388863 5 488 35 488 35 144 35 144 157 332 157 332 149 0 9 0 3
 8388863 5 507 35 507 35 142 35 142 157 345 157 345 149 0 9 0 3
 255 5 358 149 358 149 358 149 358 110 358 110 358 110 0 3 0 3
 255 5 475 149 475 149 475 149 475 110 475 110 475 110 0 3 0 3
 255 5 592 149 592 149 590 149 590 110 592 110 592 110 0 3 0 3
 255 5 696 149 696 149 696 149 696 110 696 110 696 110 0 3 0 3
 0 5 449 292 449 292 449 292 449 344 449 344 449 344 0 3 0 3
 0 5 566 292 566 292 566 292 566 344 566 344 566 344 0 3 0 3
 0 5 670 292 670 292 670 292 670 344 670 344 670 344 0 3 0 3
 0 5 774 292 774 292 774 292 774 344 774 344 774 344 0 3 0 3
 4194432 5 111 201 111 201 111 201 111 240 111 240 111 240 0 3 0 3
 4194432 5 124 201 124 201 124 201 124 240 124 240 124 240 0 3 0 3
 4194432 5 137 201 137 201 137 201 137 240 137 240 137 240 0 3 0 3
 4194432 5 150 201 150 201 150 201 150 240 150 240 150 240 0 3 0 3
 4194432 5 176 201 176 201 176 201 176 240 176 240 176 240 0 3 0 3
 4194432 5 189 201 189 201 189 201 189 240 189 240 189 240 0 3 0 3
 4194432 5 202 201 202 201 202 201 202 240 202 240 202 240 0 3 0 3
 4194432 5 215 201 215 201 215 201 215 240 215 240 215 240 0 3 0 3
 8388863 5 241 201 241 201 241 201 241 240 241 240 241 240 0 3 0 3
 8388863 5 254 201 254 201 254 201 254 240 254 240 254 240 0 3 0 3
 8388863 5 267 201 267 201 267 201 267 240 267 240 267 240 0 3 0 3
 8388863 5 280 201 280 201 280 201 280 240 280 240 280 240 0 3 0 3
 8388863 5 306 201 306 201 306 201 306 240 306 240 306 240 0 3 0 3
 8388863 5 319 201 319 201 319 201 319 240 319 240 319 240 0 3 0 3
 8388863 5 332 201 332 201 332 201 332 240 332 240 332 240 0 3 0 3
 8388863 5 345 201 345 201 345 201 345 240 345 240 345 240 0 3 0 3
 65280 5 410 253 410 253 410 260 215 260 215 253 215 253 0 3 0 3
 65280 5 202 253 202 253 202 259 384 259 384 253 384 253 0 3 0 3
 65280 5 384 162 384 162 384 156 189 156 189 162 189 162 0 3 0 3
 65280 5 176 162 176 162 176 169 410 169 410 162 410 162 0 3 0 3
 65280 5 423 292 423 292 423 298 345 298 345 292 345 292 0 3 0 3
 65280 5 371 279 371 279 371 286 332 286 332 279 332 279 0 3 0 3
 65280 5 371 162 371 162 371 168 319 168 319 162 319 162 0 3 0 3
 65280 5 423 162 423 162 423 170 306 170 306 162 306 162 0 3 0 3
 65280 5 436 292 436 292 436 292 436 344 436 344 436 344 0 3 0 3
 65280 5 449 188 449 188 449 188 462 188 462 188 462 188 0 3 0 3
 65280 5 462 201 462 201 462 201 462 240 462 240 462 240 0 3 0 3
 16776960 5 397 253 353 253 353 82 912 82 912 44 912 44 0 3 0 10
 16776960 5 358 253 353 253 353 81 892 81 892 44 892 44 0 3 0 10
 16776960 5 397 149 397 149 397 81 872 81 872 44 872 44 0 3 0 10
 16776960 5 436 149 436 149 436 76 852 76 852 44 852 44 0 3 0 10
 65280 5 462 253 462 253 462 257 553 257 553 253 553 253 0 3 0 3
 65280 5 527 266 527 266 527 273 150 273 150 266 150 266 0 3 0 3
 65280 5 501 279 501 279 501 285 137 285 137 279 137 279 0 3 0 3
 65280 5 501 149 501 149 501 155 124 155 124 162 124 162 0 3 0 3
 65280 5 527 149 527 149 527 155 111 155 111 162 111 162 0 3 0 3
 65280 5 540 292 540 292 540 298 280 298 280 292 280 292 0 3 0 3
 65280 5 488 266 488 266 488 273 267 273 267 266 267 266 0 3 0 3
 65280 5 488 162 488 162 488 168 254 168 254 162 254 162 0 3 0 3
 65280 5 241 162 241 162 241 169 540 169 540 162 540 162 0 3 0 3
 16776960 5 514 266 514 260 353 260 353 79 832 79 832 44 0 3 0 10
 16776960 5 812 44 812 76 354 76 354 259 475 259 475 253 0 10 0 3
 16776960 5 792 44 792 79 516 79 516 149 514 149 514 149 0 10 0 3
 16776960 5 772 44 772 79 518 79 518 149 553 149 553 149 0 10 0 3
 0 5 737 37 737 37 737 82 540 82 540 97 540 97 0 10 0 3
 0 5 536 35 536 35 536 97 536 97 735 97 735 97 0 12 0 3
 0 5 60 372 60 372 188 372 188 372 188 369 188 369 0 1 0 4
 255 5 60 325 60 325 60 325 60 331 176 331 176 331 0 1 0 3
 16776960 5 566 149 566 149 566 79 711 79 711 42 711 42 0 3 0 12
 16744576 5 345 279 345 279 345 284 592 284 592 279 592 279 0 3 0 3
 16744576 5 332 292 332 292 332 299 618 299 618 292 618 292 0 3 0 3
 16744576 5 644 253 644 253 644 259 319 259 319 253 319 253 0 3 0 3
 16744576 5 306 188 306 188 306 194 605 194 605 188 605 188 0 3 0 3
 16744576 5 280 188 280 188 280 194 627 194 627 188 631 188 0 3 0 3
 16744576 5 267 188 267 188 267 195 657 195 657 188 657 188 0 3 0 3
 16744576 5 254 292 254 292 254 299 696 299 696 292 696 292 0 3 0 3
 16744576 5 241 292 241 292 241 301 722 301 722 292 722 292 0 3 0 3
 4194432 5 111 292 111 292 111 421 111 421 110 421 110 421 0 3 0 4
 4194432 5 124 292 124 292 124 421 124 421 123 421 123 421 0 3 0 4
 4194432 5 137 292 137 292 137 421 137 421 136 421 136 421 0 3 0 4
 4194432 5 150 292 150 292 150 421 150 421 149 421 149 421 0 3 0 4
 4194432 5 176 292 176 292 176 421 176 421 175 421 175 421 0 3 0 4
 4194432 5 189 292 189 292 189 421 189 421 188 421 188 421 0 3 0 4
 4194432 5 202 292 202 292 202 421 202 421 201 421 201 421 0 3 0 4
 4194432 5 215 292 215 292 215 421 215 421 214 421 214 421 0 3 0 4
 4194368 5 605 279 605 279 605 272 891 272 891 279 891 279 0 3 0 3
 4194368 5 631 266 631 266 631 259 878 259 878 266 878 266 0 3 0 3
 4194368 5 657 253 657 253 657 247 865 247 865 253 865 253 0 3 0 3
 4194368 5 852 240 852 240 852 240 852 201 852 201 852 201 0 3 0 3
 4194368 5 839 201 839 201 839 201 839 240 839 240 839 240 0 3 0 3
 4194368 5 826 201 826 201 826 201 826 240 826 240 826 240 0 3 0 3
 4194368 5 618 149 618 149 618 149 852 149 852 149 852 149 0 3 0 3
 4194368 5 644 162 644 162 644 162 839 162 839 162 839 162 0 3 0 3
 4194368 5 670 175 670 175 670 175 826 175 826 175 826 175 0 3 0 3
 4194368 5 709 253 709 253 709 244 813 244 813 253 813 253 0 3 0 3
 4194368 5 735 253 735 253 735 247 800 247 800 253 800 253 0 3 0 3
 4194368 5 110 473 110 473 110 473 110 512 110 512 110 512 0 4 0 4
 4194368 5 123 473 123 473 123 473 123 512 123 512 123 512 0 4 0 4
 4194368 5 136 473 136 473 136 473 136 512 136 512 136 512 0 4 0 4
 4194368 5 149 473 149 473 149 473 149 512 149 512 149 512 0 4 0 4
 4194368 5 175 473 175 473 175 473 175 512 175 512 175 512 0 4 0 4
 4194368 5 188 512 188 512 188 512 188 473 188 473 188 473 0 4 0 4
 4194368 5 201 473 201 473 201 473 201 512 201 512 201 512 0 4 0 4
 4194368 5 214 473 214 473 214 473 214 512 214 512 214 512 0 4 0 4
 16711680 5 214 525 214 525 214 517 318 517 318 525 318 525 0 4 0 4
 16711680 5 292 525 292 525 292 532 201 532 201 525 201 525 0 4 0 4
 16711680 5 292 434 292 434 292 426 188 426 188 434 188 434 0 4 0 4
 16711680 5 318 434 318 434 318 425 175 425 175 434 175 434 0 4 0 4
 16711680 5 331 525 331 525 331 517 370 517 370 525 370 525 0 4 0 4
 16711680 5 370 512 370 512 370 512 370 473 370 473 370 473 0 4 0 4
 16711680 5 370 421 370 421 370 392 948 392 948 292 891 292 0 4 0 3
 16711680 5 279 538 279 577 951 577 951 292 878 292 878 292 0 4 0 3
 16711680 5 279 421 279 421 279 394 946 394 946 292 865 292 0 4 0 3
 16711680 5 331 421 331 421 331 394 947 394 947 292 852 292 0 4 0 3
 255 5 344 564 344 564 344 564 344 603 344 603 344 603 0 4 0 4
 255 5 266 421 266 421 266 421 266 382 266 382 266 382 0 4 0 4
 255 5 383 421 383 421 383 421 383 382 383 382 383 382 0 4 0 4
 255 5 487 421 487 421 487 421 487 382 487 382 487 382 0 4 0 4
 255 5 604 421 604 421 604 421 604 382 604 382 604 382 0 4 0 4
 255 5 721 421 721 421 721 421 721 382 721 382 721 382 0 4 0 4
 255 5 825 421 825 421 825 421 825 421 825 382 825 382 0 4 0 4
 0 5 357 564 357 564 357 564 357 616 357 616 357 616 0 4 0 4
 0 5 461 564 461 564 461 564 461 616 461 616 461 616 0 4 0 4
 0 5 578 564 578 564 578 564 578 616 578 616 578 616 0 4 0 4
 0 5 695 564 695 564 695 564 695 616 695 616 695 616 0 4 0 4
 0 5 799 564 799 564 800 564 800 616 799 616 799 616 0 4 0 4
 0 5 916 564 916 564 885 564 885 616 890 616 890 616 0 4 0 4
 16711680 5 305 525 305 525 305 532 383 532 383 525 383 525 0 4 0 4
 16711680 5 266 525 266 525 266 533 422 533 422 525 422 525 0 4 0 4
 16711680 5 305 421 305 421 305 412 448 412 448 421 448 421 0 4 0 4
 16711680 5 344 421 344 421 344 427 409 427 409 421 409 421 0 4 0 4
 16711680 5 357 421 357 421 357 322 748 322 748 292 748 292 0 4 0 3
 16711680 5 761 292 761 292 955 292 955 517 396 517 396 525 0 3 0 4
 16711680 5 396 551 396 551 396 555 435 555 435 551 435 551 0 4 0 4
 16711680 5 435 538 435 538 435 532 474 532 474 538 474 538 0 4 0 4
 16711680 5 474 512 474 512 474 512 474 473 474 473 474 473 0 4 0 4
 16711680 5 435 434 435 434 435 426 396 426 396 434 396 434 0 4 0 4
 16711680 5 435 447 435 447 435 440 474 440 474 447 474 447 0 4 0 4
 33023 5 409 564 409 564 409 570 539 570 539 564 539 564 0 4 0 4
 33023 5 448 525 448 525 448 531 513 531 513 525 513 525 0 4 0 4
 33023 5 461 421 461 421 461 411 513 411 513 421 513 421 0 4 0 4
 33023 5 539 421 539 421 539 412 422 412 422 421 422 421 0 4 0 4
 65793 5 500 564 500 564 500 564 500 616 500 616 500 616 0 4 0 4
 65793 5 552 564 552 564 552 564 552 616 552 616 552 616 0 4 0 4
 65793 5 500 421 500 421 500 421 500 369 500 369 500 369 0 4 0 4
 65793 5 552 421 552 421 552 421 552 369 552 369 552 369 0 4 0 4
 4227327 5 565 551 565 551 565 570 435 570 435 564 435 564 0 4 0 4
 16776960 5 1155 513 1155 513 1155 513 1155 474 1155 474 1155 474 0 6 0 6
 16776960 5 1142 474 1142 474 1142 474 1142 513 1142 513 1142 513 0 6 0 6
 65535 5 656 525 656 525 656 532 149 532 149 525 149 525 0 4 0 4
 65535 5 630 538 630 538 630 543 136 543 136 538 136 538 0 4 0 4
 65535 5 123 434 123 434 123 428 630 428 630 434 630 434 0 4 0 4
 65535 5 656 434 656 434 656 427 110 427 110 434 110 434 0 4 0 4
 65535 5 669 525 669 530 956 530 956 279 839 279 839 279 0 4 0 3
 65535 5 617 525 617 531 955 531 955 279 826 279 826 279 0 4 0 3
 65535 5 617 421 617 421 617 412 952 412 952 279 813 279 0 4 0 3
 65535 5 669 421 669 421 953 421 953 279 800 279 800 279 0 4 0 3
 255 5 682 564 682 564 682 564 682 603 682 603 682 603 0 4 0 4
 12615680 5 643 525 643 525 643 533 721 533 721 525 721 525 0 4 0 4
 12615680 5 604 525 604 525 604 534 760 534 760 525 760 525 0 4 0 4
 12615680 5 643 447 643 447 643 452 786 452 786 447 786 447 0 4 0 4
 12615680 5 682 434 682 434 682 439 747 439 747 434 747 434 0 4 0 4
 12615680 5 695 434 695 440 952 440 952 181 709 181 709 188 0 4 0 3
 12615680 5 734 564 734 574 952 574 952 188 722 188 722 188 0 4 0 3
 12615680 5 734 551 734 551 734 557 773 557 773 551 773 551 0 4 0 4
 12615680 5 773 538 773 538 773 545 812 545 812 538 812 538 0 4 0 4
 12615680 5 812 512 812 512 812 512 812 473 812 473 812 473 0 4 0 4
 12615680 5 773 447 773 447 773 447 734 447 734 447 734 447 0 4 0 4
 12615680 5 773 460 773 460 773 460 812 460 812 460 812 460 0 4 0 4
 8421631 5 747 551 747 551 747 556 877 556 877 551 877 551 0 4 0 4
 8421631 5 786 538 786 538 786 538 851 538 851 538 851 538 0 4 0 4
 8421631 5 799 447 799 447 799 447 851 447 851 447 851 447 0 4 0 4
 8421631 5 760 460 760 460 760 460 877 460 877 460 877 460 0 4 0 4
 2105376 5 838 564 838 564 838 564 838 616 838 616 838 616 0 4 0 4
 2105376 5 890 564 890 564 890 616 890 616 877 616 877 616 0 4 0 4
 2105376 5 838 421 838 421 838 421 838 369 838 369 838 369 0 4 0 4
 2105376 5 890 434 890 434 890 434 890 369 890 369 890 369 0 4 0 4
 8421631 5 903 538 903 538 903 543 734 543 734 538 734 538 0 4 0 4
 16776960 5 1103 513 1103 513 1103 513 1103 474 1103 474 1103 474 0 6 0 6
 16776960 5 1116 474 1116 474 1116 474 1116 513 1116 513 1116 513 0 6 0 6
 16776960 5 1129 474 1129 474 1129 474 1129 513 1129 513 1129 513 0 6 0 6
 16776960 5 1090 474 1090 474 1090 474 1090 513 1090 513 1090 513 0 6 0 6
 16776960 5 1168 474 1168 474 1168 474 1168 513 1168 513 1168 513 0 6 0 6
 16776960 5 1181 474 1181 474 1180 474 1180 513 1181 513 1181 513 0 6 0 6
 255 5 999 422 999 422 1012 422 1012 383 1025 383 1025 383 0 6 0 6
 0 5 1077 565 1077 565 1077 565 1077 617 1077 617 1077 617 0 6 0 6
 65280 5 565 525 565 525 999 525 999 525 999 526 999 526 0 4 0 6
 65280 5 903 551 903 551 903 546 1012 546 1012 552 1012 552 0 4 0 6
 16776960 5 1025 526 1025 526 1025 534 1090 534 1090 526 1090 526 0 6 0 6
 16776960 5 526 551 526 551 526 532 1194 532 1194 552 1194 552 0 4 0 6
 16776960 5 1194 513 1194 513 1194 513 1194 474 1194 474 1194 474 0 6 0 6
 16776960 5 487 551 487 551 487 584 1181 584 1181 552 1181 552 0 4 0 6
 16776960 5 526 447 526 447 526 454 1168 454 1168 448 1168 448 0 4 0 6
 16776960 5 864 538 864 538 864 541 1142 541 1142 539 1142 539 0 4 0 6
 16776960 5 1129 552 1129 552 1129 548 825 548 825 551 825 551 0 6 0 4
 16776960 5 1116 435 1116 435 1116 428 864 428 864 434 864 434 0 6 0 4
 16776960 5 1103 448 1103 448 903 448 903 448 903 447 903 447 0 6 0 4
 0 5 585 668 585 668 585 613 1025 613 1025 617 1025 617 0 13 0 6
 0 5 766 670 766 670 766 631 1168 631 1168 617 1168 617 0 14 0 6
 16776960 5 941 677 984 677 984 628 1194 628 1194 539 1194 539 0 14 0 6
 16776960 5 1181 539 1181 628 987 628 987 677 921 677 921 677 0 6 0 14
 16776960 5 901 677 901 682 1132 682 1132 539 1168 539 1168 539 0 14 0 6
 16776960 5 1155 539 1155 633 990 633 990 677 881 677 881 677 0 6 0 14
 16776960 5 1142 552 1142 635 985 635 985 682 861 682 861 677 0 6 0 14
 16776960 5 1129 565 1129 631 993 631 993 677 841 677 841 677 0 6 0 14
 16776960 5 1116 565 1116 631 989 631 989 677 821 677 821 677 0 6 0 14
 16776960 5 1103 565 1103 635 1001 635 1001 682 801 682 801 677 0 6 0 14
 16776960 5 1090 565 1090 633 1003 633 1003 686 760 686 760 675 0 6 0 13
 255 5 1300 110 1300 110 1302 110 1302 149 1300 149 1300 149 0 5 0 5
 255 5 1404 149 1404 149 1404 149 1404 149 1404 110 1404 110 0 5 0 5
 255 5 1508 149 1508 149 1508 149 1508 149 1508 110 1508 110 0 5 0 5
 255 5 1612 149 1612 149 1612 149 1612 110 1612 110 1612 110 0 5 0 5
 255 5 1716 149 1716 149 1716 149 1716 110 1716 110 1716 110 0 5 0 5
 0 5 1014 97 1014 97 1014 97 904 97 904 97 904 97 0 5 0 3
 0 5 1378 344 1378 344 1378 344 1378 292 1378 292 1378 292 0 5 0 5
 0 5 1482 344 1482 344 1482 344 1482 292 1482 292 1482 292 0 5 0 5
 0 5 1586 344 1586 344 1590 344 1590 292 1586 292 1586 292 0 5 0 5
 0 5 1690 292 1690 292 1690 292 1690 344 1690 344 1690 344 0 5 0 5
 16777088 5 1092 266 1092 266 1092 276 397 276 397 266 397 266 0 5 0 3
 16777088 5 1079 266 1079 266 1079 271 358 271 358 266 358 266 0 5 0 3
 16777088 5 1092 240 1092 240 1092 240 1092 201 1092 201 1092 201 0 5 0 5
 16777088 5 1079 201 1079 201 1079 201 1079 240 1079 240 1079 240 0 5 0 5
 16777088 5 1066 201 1066 201 1066 201 1066 240 1066 240 1066 240 0 5 0 5
 16777088 5 1053 201 1053 201 1053 201 1053 240 1053 240 1053 240 0 5 0 5
 16777088 5 1066 149 1066 149 1066 142 397 142 397 162 397 162 0 5 0 3
 16777088 5 1053 162 1053 162 1053 147 436 147 436 162 436 162 0 5 0 3
 16777088 5 514 279 514 279 514 274 1040 274 1040 279 1040 279 0 3 0 5
 16777088 5 1040 240 1040 240 1040 240 1040 201 1040 201 1040 201 0 5 0 5
 16777088 5 1027 201 1027 201 1027 201 1027 240 1027 240 1027 240 0 5 0 5
 16777088 5 1027 292 1027 292 1027 292 475 292 475 292 475 292 0 5 0 3
 16777088 5 1014 201 1014 201 1014 201 1014 240 1014 240 1014 240 0 5 0 5
 16777088 5 1014 162 1012 162 1012 132 514 132 514 162 514 162 0 5 0 3
 16777088 5 553 162 553 162 553 151 1001 151 1001 162 1001 162 0 3 0 5
 16777088 5 988 175 988 175 988 175 566 175 566 175 566 175 0 5 0 3
 16744703 5 1193 36 1193 6 1829 6 1829 149 1807 149 1807 149 0 15 0 5
 16744703 5 1807 201 1807 201 1808 201 1808 240 1807 240 1807 240 0 5 0 5
 255 5 1105 110 1105 110 1105 110 1105 110 1105 149 1105 149 0 5 0 5
 255 5 1196 149 1196 149 1196 149 1196 110 1196 110 1196 110 0 5 0 5
 0 5 1183 344 1183 344 1182 344 1182 292 1183 292 1183 292 0 5 0 5
 0 5 1274 292 1274 292 1274 292 1274 344 1274 344 1274 344 0 5 0 5
 0 5 1794 292 1794 292 1794 341 1781 341 1781 344 1781 344 0 5 0 5
 16776960 5 1001 240 1001 240 1001 240 1001 201 1001 201 1001 201 0 5 0 5
 16776960 5 988 201 988 201 988 201 988 240 988 240 988 240 0 5 0 5
 0 5 1019 68 1019 68 1019 97 1019 97 1027 97 1027 97 0 15 0 5
 0 5 1416 51 1416 51 1417 51 1417 51 1417 97 1417 97 0 16 0 5
 0 5 1635 48 1635 48 1638 48 1638 48 1638 97 1638 97 0 17 0 5
 16777088 5 1246 474 1246 474 1246 474 1246 513 1246 513 1246 513 0 6 0 6
 16777088 5 1259 474 1259 474 1259 474 1259 513 1259 513 1259 513 0 6 0 6
 16777088 5 1272 474 1272 474 1272 474 1272 513 1272 513 1272 513 0 6 0 6
 16777088 5 1285 474 1285 474 1285 474 1285 513 1285 513 1285 513 0 6 0 6
 16777088 5 1298 474 1298 474 1298 474 1298 513 1298 513 1298 513 0 6 0 6
 16777088 5 1311 474 1311 474 1311 474 1311 474 1311 513 1311 513 0 6 0 6
 16777088 5 1324 474 1324 474 1325 474 1325 513 1324 513 1324 513 0 6 0 6
 16777088 5 1337 474 1337 474 1337 474 1337 513 1337 513 1337 513 0 6 0 6
 16777088 5 1350 474 1350 474 1350 474 1350 513 1350 513 1350 513 0 6 0 6
 16777088 5 1363 474 1363 474 1363 474 1363 513 1363 513 1363 513 0 6 0 6
 16777088 5 565 460 565 460 1155 460 1155 460 1155 461 1155 461 0 4 0 6
 255 5 1389 422 1389 422 1389 422 1389 383 1389 383 1389 383 0 6 0 6
 255 5 1519 422 1519 422 1519 422 1519 383 1519 383 1519 383 0 6 0 6
 255 5 1662 422 1662 422 1663 422 1663 383 1662 383 1662 383 0 6 0 6
 0 5 1467 565 1467 565 1467 565 1467 617 1467 617 1467 617 0 6 0 6
 0 5 1597 565 1597 565 1597 565 1597 617 1597 617 1597 617 0 6 0 6
 0 5 1740 565 1740 565 1740 565 1740 617 1740 617 1740 617 0 6 0 6
 16711935 5 1807 292 1807 292 1803 292 1803 422 1805 422 1805 422 0 5 0 6
 16711935 5 1805 474 1805 474 1805 474 1805 513 1805 513 1805 513 0 6 0 6
 16711935 5 1805 565 1805 565 1805 565 1792 565 1792 565 1792 565 0 6 0 6
 16711935 5 1792 552 1792 552 1792 552 1779 552 1779 552 1779 552 0 6 0 6
 16711935 5 1779 539 1779 539 1779 539 1766 539 1766 539 1766 539 0 6 0 6
 16711935 5 1779 513 1779 513 1779 513 1779 474 1779 474 1779 474 0 6 0 6
 16711935 5 1792 513 1792 513 1792 513 1792 474 1792 474 1792 474 0 6 0 6
 16711935 5 1766 513 1766 513 1766 513 1766 474 1766 474 1766 474 0 6 0 6
 33023 5 1105 292 1105 292 1105 292 1092 292 1092 292 1092 292 0 5 0 5
 33023 5 1118 292 1118 292 1118 292 1807 292 1807 279 1807 279 0 5 0 5
 33023 5 1131 279 1131 279 1131 279 1196 279 1196 279 1196 279 0 5 0 5
 33023 5 1144 266 1144 266 1150 266 1150 394 1194 394 1194 461 0 5 0 6
 33023 5 1157 266 1157 266 1157 266 1157 266 1313 266 1313 266 0 5 0 5
 33023 5 1300 253 1300 253 1300 273 1807 273 1807 253 1807 253 0 5 0 5
 33023 5 1170 253 1170 253 1170 253 1209 253 1209 253 1209 253 0 5 0 5
 33023 5 1222 292 1222 292 1222 421 1363 421 1363 422 1363 422 0 5 0 6
 33023 5 1170 188 1170 188 1170 188 1079 188 1079 188 1079 188 0 5 0 5
 33023 5 1157 175 1157 175 1157 176 1807 176 1807 175 1807 175 0 5 0 5
 33023 5 1144 162 1144 160 1286 160 1286 253 1248 253 1248 253 0 5 0 5
 33023 5 1183 188 1183 188 1286 188 1286 253 1235 253 1235 253 0 5 0 5
 33023 5 1131 175 1131 175 1097 175 1097 421 1181 421 1181 448 0 5 0 6
 33023 5 1118 162 1118 160 1290 160 1290 279 1339 279 1339 279 0 5 0 5
 33023 5 1326 266 1326 266 1326 293 1807 293 1807 266 1807 266 0 5 0 5
 33023 5 1261 292 1261 292 1261 421 1350 421 1350 422 1350 422 0 5 0 6
 33023 5 1404 292 1404 292 1404 292 1066 292 1066 292 1066 292 0 5 0 5
 33023 5 1417 292 1417 292 1417 293 1805 293 1805 435 1805 435 0 5 0 6
 33023 5 1430 292 1430 292 1291 292 1291 162 1261 162 1261 162 0 5 0 5
 33023 5 1248 162 1248 161 1388 161 1388 279 1469 279 1469 279 0 5 0 5
 33023 5 1443 253 1443 253 1443 276 1170 276 1170 435 1168 435 0 5 0 6
 33023 5 1456 292 1456 292 1365 292 1365 292 1365 279 1365 279 0 5 0 5
 33023 5 1352 253 1352 253 1352 291 1792 291 1792 422 1792 422 0 5 0 6
 33023 5 1274 188 1274 188 1287 188 1287 422 1337 422 1337 422 0 5 0 6
 33023 5 1363 565 1363 564 1874 564 1874 69 1810 69 1810 55 0 6 0 17
 33023 5 1350 552 1350 568 1866 568 1866 71 1790 71 1790 55 0 6 0 17
 33023 5 1337 539 1337 528 1860 528 1860 75 1770 75 1770 55 0 6 0 17
 255 5 1027 110 1027 110 1015 110 1015 10 1019 10 1019 10 0 5 0 15
 33023 5 1456 175 1456 175 1456 158 1807 158 1807 188 1807 188 0 5 0 5
 33023 5 1155 422 1155 423 1287 423 1287 174 1430 174 1430 175 0 6 0 5
 33023 5 1417 162 1417 162 1417 150 1326 150 1326 149 1326 149 0 5 0 5
 33023 5 1313 162 1313 162 1313 160 1807 160 1807 162 1807 162 0 5 0 5
 33023 5 1482 188 1482 188 1482 178 1222 178 1222 175 1222 175 0 5 0 5
 33023 5 1209 149 1209 149 1209 150 1443 150 1443 149 1443 149 0 5 0 5
 33023 5 1235 175 1289 175 1289 421 1323 421 1323 422 1324 422 0 5 0 6
 33023 5 1324 565 1324 566 1854 566 1854 81 1750 81 1750 55 0 6 0 17
 33023 5 1716 292 1716 292 1716 292 1716 292 1040 292 1040 292 0 5 0 5
 33023 5 1729 292 1729 292 1729 292 1792 292 1792 435 1792 435 0 5 0 6
 33023 5 1742 279 1742 279 1742 288 1508 288 1508 279 1508 279 0 5 0 5
 33023 5 1755 253 1755 253 1755 424 1142 424 1142 422 1142 422 0 5 0 6
 33023 5 1768 253 1768 292 1390 292 1390 175 1352 175 1352 175 0 5 0 5
 33023 5 1339 175 1339 176 1704 176 1704 294 1779 294 1779 422 0 5 0 6
 33023 5 1781 279 1781 279 1781 291 1521 291 1521 279 1521 279 0 5 0 5
 33023 5 1534 292 1534 292 1315 292 1315 421 1311 421 1311 422 0 5 0 6
 33023 5 1311 565 1311 565 1845 565 1845 84 1730 84 1730 55 0 6 0 17
 33023 5 1027 188 1027 188 1027 190 1781 190 1781 188 1781 188 0 5 0 5
 33023 5 1768 162 1768 162 1707 162 1707 294 1779 294 1779 435 0 5 0 6
 33023 5 1794 188 1794 188 1705 188 1705 272 1547 272 1547 253 0 5 0 5
 33023 5 1560 266 1560 266 1605 266 1605 156 1755 156 1755 149 0 5 0 5
 33023 5 1742 149 1742 177 1287 177 1287 424 1129 424 1129 422 0 5 0 6
 33023 5 1729 149 1729 149 1729 158 1378 158 1378 162 1378 162 0 5 0 5
 33023 5 1365 162 1365 160 1707 160 1707 293 1779 293 1779 448 0 5 0 6
 33023 5 1573 292 1573 292 1261 292 1261 421 1298 421 1298 422 0 5 0 6
 33023 5 1298 565 1298 565 1835 565 1835 81 1710 81 1710 55 0 6 0 17
 33023 5 1662 526 1662 526 1646 526 1646 276 1014 276 1014 253 0 6 0 5
 33023 5 1675 526 1675 526 1675 521 1779 521 1779 526 1779 526 0 6 0 6
 33023 5 1688 526 1688 521 1605 521 1605 187 1573 187 1573 188 0 6 0 5
 33023 5 1560 188 1560 189 1602 189 1602 527 1727 527 1727 526 0 5 0 6
 33023 5 1714 552 1714 542 1650 542 1650 292 1625 292 1625 292 0 6 0 5
 33023 5 1612 292 1612 292 1612 394 1766 394 1766 422 1766 422 0 5 0 6
 33023 5 1586 188 1586 188 1586 188 1586 422 1285 422 1285 422 0 5 0 6
 33023 5 1285 565 1285 565 1826 565 1826 83 1690 83 1690 55 0 6 0 17
 33023 5 1701 539 1701 539 1701 546 1116 546 1116 539 1116 539 0 6 0 6
 33023 5 1469 188 1469 188 1469 188 1469 188 1053 188 1053 188 0 5 0 5
 33023 5 1727 461 1727 461 1727 422 1091 422 1091 253 1001 253 0 6 0 5
 33023 5 1714 461 1714 461 1714 461 1766 461 1766 461 1766 461 0 6 0 6
 33023 5 1740 448 1740 404 1494 404 1494 188 1534 188 1534 188 0 6 0 5
 33023 5 1521 175 1521 175 1495 175 1495 435 1701 435 1701 461 0 5 0 6
 33023 5 1688 448 1688 448 1688 424 1103 424 1103 435 1103 435 0 6 0 6
 33023 5 1675 435 1675 435 1675 427 1651 427 1651 279 1651 279 0 6 0 5
 33023 5 1638 266 1638 266 1638 272 1766 272 1766 435 1766 435 0 5 0 6
 33023 5 1547 188 1547 188 1496 188 1496 423 1272 423 1272 422 0 5 0 6
 33023 5 1272 565 1272 564 1822 564 1822 85 1670 85 1670 55 0 6 0 17
 33023 5 1519 539 1519 539 1493 539 1493 275 988 275 988 253 0 6 0 5
 33023 5 1532 565 1532 565 1532 565 1766 565 1766 565 1766 565 0 6 0 6
 33023 5 1545 552 1545 552 1545 552 1389 552 1389 552 1389 552 0 6 0 6
 33023 5 1402 526 1402 526 1402 526 1402 526 1584 526 1584 526 0 6 0 6
 0 5 1558 552 1558 552 1558 552 1558 617 1558 617 1558 617 0 6 0 6
 33023 5 1571 539 1571 543 1650 543 1650 279 1677 279 1677 279 0 6 0 5
 33023 5 1664 266 1664 275 1793 275 1793 461 1779 461 1779 461 0 5 0 6
 33023 5 1415 539 1415 539 1415 546 1259 546 1259 539 1259 539 0 6 0 6
 0 5 1584 422 1584 422 1584 370 1584 370 1571 370 1571 370 0 6 0 6
 33023 5 1571 461 1571 461 1571 461 1792 461 1792 461 1792 461 0 6 0 6
 33023 5 1597 448 1597 448 1494 448 1494 523 1428 523 1428 526 0 6 0 6
 33023 5 1441 539 1441 539 1494 539 1494 461 1558 461 1558 461 0 6 0 6
 33023 5 1090 422 1090 422 1090 424 1545 424 1545 422 1545 422 0 6 0 6
 33023 5 1532 422 1532 422 1496 422 1496 188 1638 188 1638 188 0 6 0 5
 33023 5 1625 175 1625 175 1803 175 1803 448 1792 448 1792 448 0 5 0 6
 33023 5 1454 526 1454 526 1454 526 1246 526 1246 526 1246 526 0 6 0 6
 33023 5 1246 565 1246 565 1893 565 1893 93 1571 93 1571 58 0 6 0 16
 255 5 1758 934 1758 934 1857 934 1857 1168 1771 1168 1771 1168 0 18 0 18
 0 5 1771 921 1771 921 1856 921 1856 1155 1771 1155 1771 1155 0 18 0 18
 255 5 1017 973 1017 973 1017 973 1017 934 1017 934 1017 934 0 18 0 18
 255 5 1134 973 1134 973 1134 973 1134 934 1134 934 1134 934 0 18 0 18
 255 5 1251 973 1251 973 1251 973 1251 934 1251 934 1251 934 0 18 0 18
 255 5 1368 973 1368 973 1368 973 1368 934 1368 934 1368 934 0 18 0 18
 255 5 1485 973 1485 973 1485 973 1485 934 1485 934 1485 934 0 18 0 18
 0 5 1108 1116 1108 1116 1108 1116 1108 1155 1108 1155 1108 1155 0 18 0 18
 0 5 1225 1116 1225 1116 1225 1116 1225 1155 1225 1155 1225 1155 0 18 0 18
 0 5 1342 1116 1342 1116 1342 1116 1342 1155 1342 1155 1342 1155 0 18 0 18
 0 5 1459 1116 1459 1116 1459 1116 1459 1155 1459 1155 1459 1155 0 18 0 18
 0 5 1576 1116 1576 1116 1576 1116 1576 1155 1576 1155 1576 1155 0 18 0 18
 255 5 1602 973 1602 973 1602 973 1602 934 1602 934 1602 934 0 18 0 18
 0 5 1810 1116 1810 1116 1810 1155 1810 1155 1758 1155 1758 1155 0 18 0 18
 255 5 1719 973 1719 973 1719 973 1719 973 1719 934 1719 934 0 18 0 18
 255 5 162 603 162 603 162 836 162 836 161 836 161 836 0 4 0 20
 255 5 135 836 135 836 63 836 63 1083 135 1083 135 1083 0 20 0 20
 0 5 135 849 135 849 86 849 86 1070 135 1070 135 1070 0 20 0 20
 0 5 148 849 148 849 164 849 164 616 175 616 175 616 0 20 0 4
 255 5 187 888 187 888 187 888 187 836 187 836 187 836 0 20 0 20
 255 5 356 888 356 888 356 888 356 836 356 836 356 836 0 20 0 20
 255 5 668 888 668 888 668 888 668 836 668 836 668 836 0 20 0 20
 0 5 278 1031 278 1031 278 1031 278 1070 278 1070 278 1070 0 20 0 20
 0 5 447 1070 447 1070 447 1070 447 1031 447 1031 447 1031 0 20 0 20
 0 5 759 1070 759 1070 759 1070 759 1031 759 1031 759 1031 0 20 0 20
 8388672 5 352 788 352 788 352 806 226 806 226 888 226 888 0 19 0 20
 8388672 5 239 888 239 888 242 888 242 788 365 788 365 788 0 20 0 19
 8388672 5 252 888 252 888 254 888 254 788 378 788 378 788 0 20 0 19
 8388672 5 265 888 265 888 265 788 265 788 391 788 391 788 0 20 0 19
 8388672 5 278 888 278 888 278 794 420 794 420 788 404 788 0 20 0 19
 8388672 5 200 888 200 888 200 788 200 788 417 788 417 788 0 20 0 19
 8388672 5 213 888 213 888 213 825 430 825 430 788 430 788 0 20 0 19
 255 5 227 692 227 692 148 692 148 692 148 836 148 836 0 19 0 20
 8388672 5 395 888 395 888 395 811 456 811 456 788 456 788 0 20 0 19
 8388672 5 408 888 408 888 408 788 408 788 469 788 469 788 0 20 0 19
 8388672 5 421 888 421 888 421 788 421 788 482 788 482 788 0 20 0 19
 8388672 5 434 888 434 888 434 788 434 788 495 788 495 788 0 20 0 19
 8388672 5 447 888 447 888 447 788 447 788 508 788 508 788 0 20 0 19
 8388672 5 521 788 521 788 521 812 369 812 369 888 369 888 0 19 0 20
 8388672 5 382 888 382 888 382 788 382 788 534 788 534 788 0 20 0 19
 8388672 5 759 888 759 888 759 814 612 814 612 788 612 788 0 20 0 19
 8388672 5 746 888 746 888 746 818 599 818 599 788 599 788 0 20 0 19
 8388672 5 707 888 707 888 707 827 560 827 560 788 560 788 0 20 0 19
 8388672 5 720 888 720 888 720 825 573 825 573 788 573 788 0 20 0 19
 8388672 5 586 788 586 788 586 821 733 821 733 888 733 888 0 19 0 20
 8388672 5 625 788 625 788 625 820 681 820 681 888 681 888 0 19 0 20
 8388672 5 638 788 638 788 683 788 683 888 694 888 694 888 0 19 0 20
 255 5 1766 604 1766 604 1766 604 1766 646 1766 646 1766 646 0 6 0 7
 0 5 1779 617 1779 617 1779 617 1783 659 1779 659 1779 659 0 6 0 7
 0 5 1012 880 1012 880 1012 880 1012 921 1017 921 1017 921 0 7 0 18
 255 5 1753 646 1753 646 1834 646 1834 893 1753 893 1753 893 0 7 0 7
 0 5 1766 659 1766 659 1839 659 1839 880 1766 880 1766 880 0 7 0 7
 255 5 1025 893 1025 893 1025 934 1025 934 1030 934 1030 934 0 7 0 18
 255 5 1051 698 1051 698 1051 698 1051 646 1051 646 1051 646 0 7 0 7
 255 5 1207 698 1207 698 1207 698 1207 646 1207 646 1207 646 0 7 0 7
 255 5 1363 698 1363 698 1363 698 1363 646 1363 646 1363 646 0 7 0 7
 255 5 1506 698 1506 698 1506 698 1506 646 1506 646 1506 646 0 7 0 7
 255 5 1649 698 1649 698 1649 698 1649 646 1649 646 1649 646 0 7 0 7
 0 5 1129 841 1129 841 1129 841 1129 880 1129 880 1129 880 0 7 0 7
 0 5 1285 841 1285 841 1285 841 1285 880 1285 880 1285 880 0 7 0 7
 0 5 1441 841 1441 841 1441 841 1441 880 1441 880 1441 880 0 7 0 7
 0 5 1584 841 1584 841 1584 841 1584 880 1584 880 1584 880 0 7 0 7
 0 5 1727 841 1727 841 1727 841 1727 880 1727 880 1727 880 0 7 0 7
 8421376 5 1030 973 1030 973 1030 973 1030 921 1030 921 1030 921 0 18 0 18
 8421376 5 1082 973 1082 973 1082 973 1082 921 1082 921 1082 921 0 18 0 18
 8421376 5 1095 1116 1095 1116 1095 1116 1095 1155 1095 1155 1095 1155 0 18 0 18
 8421376 5 1147 973 1147 973 1147 973 1147 921 1147 921 1147 921 0 18 0 18
 8421376 5 1199 973 1199 973 1199 973 1199 973 1199 921 1199 921 0 18 0 18
 8421376 5 1212 1116 1212 1116 1212 1116 1212 1155 1212 1155 1212 1155 0 18 0 18
 8421376 5 1264 973 1264 973 1264 973 1264 921 1264 921 1264 921 0 18 0 18
 8421376 5 1316 973 1316 973 1316 973 1316 921 1316 921 1316 921 0 18 0 18
 8421376 5 1329 1116 1329 1116 1329 1116 1329 1155 1329 1155 1329 1155 0 18 0 18
 8421376 5 1381 973 1381 973 1381 973 1381 921 1381 921 1381 921 0 18 0 18
 8421376 5 1433 973 1433 973 1433 973 1433 921 1433 921 1433 921 0 18 0 18
 8421376 5 1446 1116 1446 1116 1446 1116 1446 1155 1446 1155 1446 1155 0 18 0 18
 8421376 5 1550 973 1550 973 1550 973 1550 921 1550 921 1550 921 0 18 0 18
 8421376 5 1563 1116 1563 1116 1563 1116 1563 1155 1563 1155 1563 1155 0 18 0 18
 8421376 5 1615 973 1615 973 1615 973 1615 921 1615 921 1615 921 0 18 0 18
 8421376 5 1667 973 1667 973 1667 973 1667 921 1667 921 1667 921 0 18 0 18
 8421376 5 1797 1116 1797 1116 1798 1116 1798 1155 1745 1155 1745 1155 0 18 0 18
 8421376 5 1732 973 1732 973 1732 973 1732 934 1732 934 1732 934 0 18 0 18
 8421376 5 1784 973 1784 973 1784 921 1784 921 1758 921 1758 921 0 18 0 18
 8421376 5 1285 552 1285 576 1335 576 1335 809 1207 809 1207 802 0 6 0 7
 8421376 5 1298 552 1298 575 1331 575 1331 810 1220 810 1220 815 0 6 0 7
 8421376 5 1272 552 1272 552 1197 552 1197 797 1051 797 1051 802 0 6 0 7
 8421376 5 1233 828 1233 828 1233 840 1064 840 1064 828 1064 828 0 7 0 7
 8421376 5 1077 815 1077 815 972 815 972 1116 1082 1116 1082 1116 0 7 0 18
 8421376 5 1082 1103 1082 1103 1082 1103 1030 1103 1030 1103 1030 1103 0 18 0 18
 8421376 5 1017 1090 1017 1090 976 1090 976 841 1090 841 1090 841 0 18 0 7
 8421376 5 1056 973 1056 973 1195 973 1195 745 1272 745 1272 737 0 18 0 7
 8421376 5 1246 828 1246 828 1241 828 1241 1077 1056 1077 1056 1077 0 7 0 18
 8421376 5 1311 552 1311 552 1311 815 1311 815 1259 815 1259 815 0 6 0 7
 8421376 5 1103 841 1103 841 1103 841 1272 841 1272 841 1272 841 0 7 0 7
 8421376 5 1116 815 1116 812 1190 812 1190 743 1259 743 1259 724 0 7 0 7
 8421376 5 1285 737 1285 737 1347 737 1347 1089 1199 1089 1199 1090 0 7 0 18
 8421376 5 1259 828 1259 828 1242 828 1242 1116 1186 1116 1186 1116 0 7 0 18
 8421376 5 1056 1090 1056 1090 1056 1097 1160 1097 1160 1090 1160 1090 0 18 0 18
 8421376 5 1017 1077 1017 1079 979 1079 979 1020 1160 1020 1160 1012 0 18 0 18
 8421376 5 1056 999 1056 999 1056 1004 1186 1004 1186 999 1186 999 0 18 0 18
 8421376 5 1199 1103 1199 1103 1199 1102 1147 1102 1147 1103 1147 1103 0 18 0 18
 8421376 5 1173 1077 1173 1077 976 1077 976 737 1233 737 1233 737 0 18 0 7
 8421376 5 1134 1116 1134 1116 973 1116 973 720 1116 720 1116 724 0 18 0 7
 8421376 5 1173 1012 1173 1012 1354 1012 1354 841 1363 841 1363 841 0 18 0 7
 8421376 5 1324 552 1324 552 1324 698 1324 698 1220 698 1220 698 0 6 0 7
 8421376 5 1246 711 1246 711 1246 716 1103 716 1103 711 1103 711 0 7 0 7
 8421376 5 1129 711 1129 718 1480 718 1480 841 1376 841 1376 841 0 7 0 7
 8421376 5 1389 828 1389 828 1353 828 1353 1116 1316 1116 1316 1116 0 7 0 18
 8421376 5 1316 1103 1316 1103 1316 1103 1264 1103 1264 1103 1264 1103 0 18 0 18
 8421376 5 1173 1090 1173 1090 1173 1085 1279 1085 1279 1077 1277 1077 0 18 0 18
 8421376 5 1134 1103 1134 1103 1357 1103 1357 999 1277 999 1277 999 0 18 0 18
 8421376 5 1173 986 1173 986 1173 992 1303 992 1303 986 1303 986 0 18 0 18
 8421376 5 1303 1077 1303 1070 1349 1070 1349 717 1220 717 1220 724 0 18 0 7
 8421376 5 1290 1116 1290 1116 1473 1116 1473 740 1428 740 1428 737 0 18 0 7
 8421376 5 1077 711 1077 711 977 711 977 1116 1251 1116 1251 1116 0 7 0 18
 8421376 5 1337 552 1337 552 1337 714 1415 714 1415 724 1415 724 0 6 0 7
 8421376 5 1441 724 1441 724 1441 718 1064 718 1064 698 1064 698 0 7 0 7
 8421376 5 1090 698 1090 698 1090 717 1470 717 1470 828 1415 828 0 7 0 7
 8421376 5 1428 828 1428 835 1473 835 1473 1077 1433 1077 1433 1077 0 7 0 18
 8421376 5 1290 1077 1290 1077 1290 1085 1394 1085 1394 1077 1394 1077 0 18 0 18
 8421376 5 1251 1077 1251 1086 1355 1086 1355 1012 1394 1012 1394 1012 0 18 0 18
 8421376 5 1290 986 1290 986 1290 978 1420 978 1420 986 1420 986 0 18 0 18
 8421376 5 1077 828 1077 828 1077 835 1506 835 1506 828 1506 828 0 7 0 7
 8421376 5 1285 724 1285 724 1285 730 1389 730 1389 724 1389 724 0 7 0 7
 8421376 5 1389 815 1389 815 1464 815 1464 732 1376 732 1376 737 0 7 0 7
 8421376 5 1389 698 1389 698 1486 698 1486 841 1519 841 1519 841 0 7 0 7
 8421376 5 1532 828 1532 856 1587 856 1587 1118 1550 1118 1550 1116 0 7 0 18
 8421376 5 1550 1103 1550 1103 1550 1106 1498 1106 1498 1103 1498 1103 0 18 0 18
 8421376 5 1389 802 1389 802 1472 802 1472 1083 1537 1083 1537 1077 0 7 0 18
 8421376 5 1285 711 1285 721 1593 721 1593 1098 1511 1098 1511 1090 0 7 0 18
 8421376 5 1077 802 1077 802 1077 1012 1077 1012 1511 1012 1511 1012 0 7 0 18
 8421376 5 1537 973 1537 973 1537 973 1537 921 1537 921 1537 921 0 18 0 18
 8421376 5 1407 1103 1407 1103 1591 1103 1591 851 1649 851 1649 841 0 18 0 7
 8421376 5 1368 1103 1368 1103 1589 1103 1589 841 1545 841 1545 841 0 18 0 7
 8421376 5 1407 999 1407 999 1407 1012 1708 1012 1708 841 1688 841 0 18 0 7
 8421376 5 1662 841 1662 843 1631 843 1631 650 1350 650 1350 539 0 7 0 6
 8421376 5 1680 1116 1680 1116 1680 1116 1680 1155 1680 1155 1680 1155 0 18 0 18
 0 5 1693 1116 1693 1116 1693 1116 1693 1155 1693 1155 1693 1155 0 18 0 18
 12615680 5 1714 841 1714 841 1709 841 1709 1116 1667 1116 1667 1116 0 7 0 18
 12615680 5 1667 1103 1667 1103 1667 1103 1615 1103 1615 1103 1615 1103 0 18 0 18
 12615680 5 1662 828 1662 837 1709 837 1709 1077 1654 1077 1654 1077 0 7 0 18
 12615680 5 1407 1090 1407 1090 1407 1099 1628 1099 1628 1090 1628 1090 0 18 0 18
 12615680 5 1368 1077 1368 1077 1708 1077 1708 999 1628 999 1628 999 0 18 0 18
 12615680 5 1407 986 1407 986 1407 1013 1654 1013 1654 986 1654 986 0 18 0 18
 12615680 5 1524 1116 1524 1131 1827 1131 1827 746 1714 746 1714 737 0 18 0 7
 12615680 5 1485 1116 1485 1136 1828 1136 1828 746 1571 746 1571 737 0 18 0 7
 12615680 5 1511 999 1511 999 1825 999 1825 735 1675 735 1675 724 0 18 0 7
 12615680 5 1701 711 1701 728 1826 728 1826 841 1428 841 1428 841 0 7 0 7
 12615680 5 1727 698 1727 698 1727 705 1558 705 1558 698 1558 698 0 7 0 7
 12615680 5 1584 711 1584 711 1584 711 1584 711 1662 711 1662 711 0 7 0 7
 12615680 5 1428 815 1428 815 1828 815 1828 1077 1771 1077 1771 1077 0 7 0 18
 12615680 5 1524 1090 1524 1090 1524 1096 1745 1096 1745 1090 1745 1090 0 18 0 18
 12615680 5 1485 1090 1485 1095 1829 1095 1829 1012 1745 1012 1745 1012 0 18 0 18
 12615680 5 1524 986 1524 986 1524 999 1771 999 1771 986 1771 986 0 18 0 18
 12615680 5 1688 724 1688 724 1825 724 1825 1103 1784 1103 1784 1103 0 7 0 18
 12615680 5 1784 1116 1784 1116 1784 1116 1732 1116 1732 1116 1732 1116 0 18 0 18
 12615680 5 265 1031 265 1031 265 1184 1858 1184 1858 711 1688 711 0 20 0 7
 12615680 5 1532 802 1829 802 1829 1184 187 1184 187 1031 187 1031 0 7 0 20
 12615680 5 200 1031 200 1031 200 1031 200 1070 200 1070 200 1070 0 20 0 20
 12615680 5 252 1031 252 1031 252 1031 252 1070 252 1070 252 1070 0 20 0 20
 12615680 5 239 1031 239 1031 239 1031 239 1070 239 1070 239 1070 0 20 0 20
 12615680 5 1714 828 1714 828 1714 1185 434 1185 434 1031 434 1031 0 7 0 20
 12615680 5 1758 1103 1758 1103 1758 1183 356 1183 356 1031 356 1031 0 18 0 20
 12615680 5 1719 1116 1719 1116 1719 1185 369 1185 369 1031 369 1031 0 18 0 20
 12615680 5 1758 986 1758 986 1758 1187 421 1187 421 1031 421 1031 0 18 0 20
 12615680 5 1363 552 1861 552 1861 1178 746 1178 746 1031 746 1031 0 6 0 20
 12615680 5 1641 1116 1641 1116 1641 1185 668 1185 668 1031 668 1031 0 18 0 20
 12615680 5 1602 1116 1602 1116 1602 1184 681 1184 681 1031 681 1031 0 18 0 20
 12615680 5 1641 986 1641 986 1641 1182 733 1182 733 992 733 992 0 18 0 20
35
 7004 1 14 586 201 5 0 8583336 22962304 3
 7004 1 14 690 201 5 0 8583336 22962304 3
 7283 1 16 469 201 5 0 8583336 22962304 3
 7283 1 16 352 201 5 0 8583336 22962304 3
 7283 1 16 819 473 5 0 8583336 22962304 4
 7086 1 14 715 473 5 0 8583336 22962304 4
 7283 1 16 598 473 5 0 8583336 22962304 4
 7283 1 16 481 473 5 0 8583336 22962304 4
 7086 1 14 377 473 5 0 8583336 22962304 4
 7283 1 16 260 473 5 0 8583336 22962304 4
 7008 1 14 1099 201 5 0 8583336 22962304 5
 7008 1 14 1656 474 5 0 8583336 22962304 6
 7008 1 14 1513 474 5 0 8583336 22962304 6
 7008 1 14 1710 201 5 0 8583336 22962304 5
 7008 1 14 1398 201 5 0 8583336 22962304 5
 7032 1 14 1502 201 5 0 8583336 22962304 5
 7032 1 14 1190 201 5 0 8583336 22962304 5
 7032 1 14 1383 474 5 0 8583336 22962304 6
 7004 1 14 1294 201 5 0 8583336 22962304 5
 7004 1 14 1606 201 5 0 8583336 22962304 5
 7283 1 16 1011 1025 5 0 8583336 23531920 18
 7283 1 16 1128 1025 5 0 8583336 23531920 18
 7283 1 16 1245 1025 5 0 8583336 23531920 18
 7283 1 16 1362 1025 5 0 8583336 23531920 18
 7283 1 16 1596 1025 5 0 8583336 23531920 18
 7283 1 16 1713 1025 5 0 8583336 23531920 18
 7283 1 16 1479 1025 5 0 8583336 23531920 18
 7047 1 16 181 940 5 0 8583336 23531920 20
 7047 1 16 350 940 5 0 8583336 23531920 20
 7047 1 16 662 940 5 0 8583336 23531920 20
 7008 1 14 1045 750 5 0 8583336 23531920 7
 7008 1 14 1500 750 5 0 8583336 23531920 7
 7032 1 14 1201 750 5 0 8583336 23531920 7
 7032 1 14 1357 750 5 0 8583336 23531920 7
 7032 1 14 1643 750 5 0 8583336 23531920 7
