Version 0.9.7
18
 4 -1 298 77 128 0 1
 5 80 400 206 81 2 2
 0 84 83 877 276 8 3
 0 83 355 877 276 140 4
 0 961 83 877 276 272 5
 0 959 356 877 276 404 6
 1 108 0 206 81 536 8
 1 318 -2 206 81 546 9
 3 726 0 203 58 556 10
 3 525 -2 203 58 565 12
 3 553 629 203 58 574 13
 3 755 633 203 58 583 14
 1 1004 -1 206 81 592 15
 3 1405 14 203 58 602 16
 3 1624 11 203 58 611 17
 0 994 643 877 276 620 18
 6 94 652 449 130 782 19
 0 27 781 877 276 815 20
 0
492
 255 5 150 110 150 110 92 110 92 331 150 331 150 331 0 3 0 3
 255 5 163 331 163 331 163 382 163 382 162 382 162 382 0 3 0 4
 255 5 149 382 149 382 89 382 89 603 149 603 149 603 0 4 0 4
 255 5 904 110 904 110 904 110 1014 110 1014 110 1014 110 0 3 0 5
 255 5 903 382 903 382 1012 382 1012 382 1012 383 1012 383 0 4 0 6
 255 5 903 603 903 603 1012 603 1012 603 1012 604 1012 604 0 4 0 6
 65793 5 149 369 149 369 76 369 76 611 149 611 149 616 0 4 0 4
 65793 5 903 369 903 369 1012 369 1012 369 1012 370 1012 370 0 4 0 6
 65793 5 904 344 904 344 904 344 1014 344 1014 344 1014 344 0 3 0 5
 65793 5 903 616 903 616 1012 616 1012 616 1012 617 1012 617 0 4 0 6
 65793 5 176 344 176 344 176 369 176 369 175 369 175 369 0 3 0 4
 255 5 904 331 904 331 904 331 1014 331 1014 331 1014 331 0 3 0 5
 65793 5 137 97 137 97 82 97 82 344 137 344 137 344 0 3 0 3
 0 5 123 69 123 69 122 69 122 97 150 97 150 97 0 8 0 3
 0 5 333 67 333 67 334 67 334 97 306 97 306 97 0 9 0 3
 255 5 123 11 123 11 109 11 109 110 137 110 137 110 0 8 0 3
 255 5 333 9 333 9 322 9 322 110 332 110 332 110 0 9 0 3
 4194432 5 164 37 164 37 164 36 144 36 144 149 111 149 0 8 0 3
 4194432 5 183 37 183 37 142 37 142 149 124 149 124 149 0 8 0 3
 4194432 5 202 37 202 37 137 37 137 37 137 149 137 149 0 8 0 3
 4194432 5 221 37 221 37 150 37 150 37 150 149 150 149 0 8 0 3
 4194432 5 176 149 176 131 148 131 148 37 240 37 240 37 0 3 0 8
 4194432 5 259 37 259 37 147 37 147 131 189 131 189 149 0 8 0 3
 4194432 5 278 37 278 37 143 37 143 127 202 127 202 149 0 8 0 3
 4194432 5 297 37 297 37 142 37 142 128 215 128 215 149 0 8 0 3
 8388863 5 374 35 374 35 144 35 144 132 241 132 241 149 0 9 0 3
 8388863 5 393 35 393 35 142 35 142 131 254 131 254 149 0 9 0 3
 8388863 5 412 35 412 35 143 35 143 132 267 132 267 149 0 9 0 3
 8388863 5 431 35 431 35 149 35 149 132 280 132 280 149 0 9 0 3
 8388863 5 450 35 450 35 146 35 146 129 306 129 306 149 0 9 0 3
 8388863 5 469 35 469 35 146 35 146 154 319 154 319 149 0 9 0 3
 8388863 5 488 35 488 35 144 35 144 157 332 157 332 149 0 9 0 3
 8388863 5 507 35 507 35 142 35 142 157 345 157 345 149 0 9 0 3
 255 5 358 149 358 149 358 149 358 110 358 110 358 110 0 3 0 3
 255 5 475 149 475 149 475 149 475 110 475 110 475 110 0 3 0 3
 255 5 592 149 592 149 590 149 590 110 592 110 592 110 0 3 0 3
 255 5 696 149 696 149 696 149 696 110 696 110 696 110 0 3 0 3
 0 5 449 292 449 292 449 292 449 344 449 344 449 344 0 3 0 3
 0 5 566 292 566 292 566 292 566 344 566 344 566 344 0 3 0 3
 0 5 670 292 670 292 670 292 670 344 670 344 670 344 0 3 0 3
 0 5 774 292 774 292 774 292 774 344 774 344 774 344 0 3 0 3
 4194432 5 111 201 111 201 111 201 111 240 111 240 111 240 0 3 0 3
 4194432 5 124 201 124 201 124 201 124 240 124 240 124 240 0 3 0 3
 4194432 5 137 201 137 201 137 201 137 240 137 240 137 240 0 3 0 3
 4194432 5 150 201 150 201 150 201 150 240 150 240 150 240 0 3 0 3
 4194432 5 176 201 176 201 176 201 176 240 176 240 176 240 0 3 0 3
 4194432 5 189 201 189 201 189 201 189 240 189 240 189 240 0 3 0 3
 4194432 5 202 201 202 201 202 201 202 240 202 240 202 240 0 3 0 3
 4194432 5 215 201 215 201 215 201 215 240 215 240 215 240 0 3 0 3
 8388863 5 241 201 241 201 241 201 241 240 241 240 241 240 0 3 0 3
 8388863 5 254 201 254 201 254 201 254 240 254 240 254 240 0 3 0 3
 8388863 5 267 201 267 201 267 201 267 240 267 240 267 240 0 3 0 3
 8388863 5 280 201 280 201 280 201 280 240 280 240 280 240 0 3 0 3
 8388863 5 306 201 306 201 306 201 306 240 306 240 306 240 0 3 0 3
 8388863 5 319 201 319 201 319 201 319 240 319 240 319 240 0 3 0 3
 8388863 5 332 201 332 201 332 201 332 240 332 240 332 240 0 3 0 3
 8388863 5 345 201 345 201 345 201 345 240 345 240 345 240 0 3 0 3
 65280 5 410 253 410 253 410 260 215 260 215 253 215 253 0 3 0 3
 65280 5 202 253 202 253 202 259 384 259 384 253 384 253 0 3 0 3
 65280 5 384 162 384 162 384 156 189 156 189 162 189 162 0 3 0 3
 65280 5 176 162 176 162 176 169 410 169 410 162 410 162 0 3 0 3
 65280 5 423 292 423 292 423 298 345 298 345 292 345 292 0 3 0 3
 65280 5 371 279 371 279 371 286 332 286 332 279 332 279 0 3 0 3
 65280 5 371 162 371 162 371 168 319 168 319 162 319 162 0 3 0 3
 65280 5 423 162 423 162 423 170 306 170 306 162 306 162 0 3 0 3
 65280 5 436 292 436 292 436 292 436 344 436 344 436 344 0 3 0 3
 65280 5 449 188 449 188 449 188 462 188 462 188 462 188 0 3 0 3
 65280 5 462 201 462 201 462 201 462 240 462 240 462 240 0 3 0 3
 16776960 5 397 253 353 253 353 82 912 82 912 44 912 44 0 3 0 10
 16776960 5 358 253 353 253 353 81 892 81 892 44 892 44 0 3 0 10
 16776960 5 397 149 397 149 397 81 872 81 872 44 872 44 0 3 0 10
 16776960 5 436 149 436 149 436 76 852 76 852 44 852 44 0 3 0 10
 65280 5 462 253 462 253 462 257 553 257 553 253 553 253 0 3 0 3
 65280 5 527 266 527 266 527 273 150 273 150 266 150 266 0 3 0 3
 65280 5 501 279 501 279 501 285 137 285 137 279 137 279 0 3 0 3
 65280 5 501 149 501 149 501 155 124 155 124 162 124 162 0 3 0 3
 65280 5 527 149 527 149 527 155 111 155 111 162 111 162 0 3 0 3
 65280 5 540 292 540 292 540 298 280 298 280 292 280 292 0 3 0 3
 65280 5 488 266 488 266 488 273 267 273 267 266 267 266 0 3 0 3
 65280 5 488 162 488 162 488 168 254 168 254 162 254 162 0 3 0 3
 65280 5 241 162 241 162 241 169 540 169 540 162 540 162 0 3 0 3
 16776960 5 514 266 514 260 353 260 353 79 832 79 832 44 0 3 0 10
 16776960 5 812 44 812 76 354 76 354 259 475 259 475 253 0 10 0 3
 16776960 5 792 44 792 79 516 79 516 149 514 149 514 149 0 10 0 3
 16776960 5 772 44 772 79 518 79 518 149 553 149 553 149 0 10 0 3
 0 5 737 37 737 37 737 82 540 82 540 97 540 97 0 10 0 3
 0 5 536 35 536 35 536 97 536 97 735 97 735 97 0 12 0 3
 0 5 60 372 60 372 188 372 188 372 188 369 188 369 0 1 0 4
 255 5 60 325 60 325 60 325 60 331 176 331 176 331 0 1 0 3
 16776960 5 566 149 566 149 566 79 711 79 711 42 711 42 0 3 0 12
 16744576 5 345 279 345 279 345 284 592 284 592 279 592 279 0 3 0 3
 16744576 5 332 292 332 292 332 299 618 299 618 292 618 292 0 3 0 3
 16744576 5 644 253 644 253 644 259 319 259 319 253 319 253 0 3 0 3
 16744576 5 306 188 306 188 306 194 605 194 605 188 605 188 0 3 0 3
 16744576 5 280 188 280 188 280 194 627 194 627 188 631 188 0 3 0 3
 16744576 5 267 188 267 188 267 195 657 195 657 188 657 188 0 3 0 3
 16744576 5 254 292 254 292 254 299 696 299 696 292 696 292 0 3 0 3
 16744576 5 241 292 241 292 241 301 722 301 722 292 722 292 0 3 0 3
 4194432 5 111 292 111 292 111 421 111 421 110 421 110 421 0 3 0 4
 4194432 5 124 292 124 292 124 421 124 421 123 421 123 421 0 3 0 4
 4194432 5 137 292 137 292 137 421 137 421 136 421 136 421 0 3 0 4
 4194432 5 150 292 150 292 150 421 150 421 149 421 149 421 0 3 0 4
 4194432 5 176 292 176 292 176 421 176 421 175 421 175 421 0 3 0 4
 4194432 5 189 292 189 292 189 421 189 421 188 421 188 421 0 3 0 4
 4194432 5 202 292 202 292 202 421 202 421 201 421 201 421 0 3 0 4
 4194432 5 215 292 215 292 215 421 215 421 214 421 214 421 0 3 0 4
 4194368 5 605 279 605 279 605 272 891 272 891 279 891 279 0 3 0 3
 4194368 5 631 266 631 266 631 259 878 259 878 266 878 266 0 3 0 3
 4194368 5 657 253 657 253 657 247 865 247 865 253 865 253 0 3 0 3
 4194368 5 852 240 852 240 852 240 852 201 852 201 852 201 0 3 0 3
 4194368 5 839 201 839 201 839 201 839 240 839 240 839 240 0 3 0 3
 4194368 5 826 201 826 201 826 201 826 240 826 240 826 240 0 3 0 3
 4194368 5 618 149 618 149 618 149 852 149 852 149 852 149 0 3 0 3
 4194368 5 644 162 644 162 644 162 839 162 839 162 839 162 0 3 0 3
 4194368 5 670 175 670 175 670 175 826 175 826 175 826 175 0 3 0 3
 4194368 5 709 253 709 253 709 244 813 244 813 253 813 253 0 3 0 3
 4194368 5 735 253 735 253 735 247 800 247 800 253 800 253 0 3 0 3
 4194368 5 110 473 110 473 110 473 110 512 110 512 110 512 0 4 0 4
 4194368 5 123 473 123 473 123 473 123 512 123 512 123 512 0 4 0 4
 4194368 5 136 473 136 473 136 473 136 512 136 512 136 512 0 4 0 4
 4194368 5 149 473 149 473 149 473 149 512 149 512 149 512 0 4 0 4
 4194368 5 175 473 175 473 175 473 175 512 175 512 175 512 0 4 0 4
 4194368 5 188 512 188 512 188 512 188 473 188 473 188 473 0 4 0 4
 4194368 5 201 473 201 473 201 473 201 512 201 512 201 512 0 4 0 4
 4194368 5 214 473 214 473 214 473 214 512 214 512 214 512 0 4 0 4
 16711680 5 214 525 214 525 214 517 318 517 318 525 318 525 0 4 0 4
 16711680 5 292 525 292 525 292 532 201 532 201 525 201 525 0 4 0 4
 16711680 5 292 434 292 434 292 426 188 426 188 434 188 434 0 4 0 4
 16711680 5 318 434 318 434 318 425 175 425 175 434 175 434 0 4 0 4
 16711680 5 331 525 331 525 331 517 370 517 370 525 370 525 0 4 0 4
 16711680 5 370 512 370 512 370 512 370 473 370 473 370 473 0 4 0 4
 16711680 5 370 421 370 421 370 392 948 392 948 292 891 292 0 4 0 3
 16711680 5 279 538 279 577 951 577 951 292 878 292 878 292 0 4 0 3
 16711680 5 279 421 279 421 279 394 946 394 946 292 865 292 0 4 0 3
 16711680 5 331 421 331 421 331 394 947 394 947 292 852 292 0 4 0 3
 255 5 344 564 344 564 344 564 344 603 344 603 344 603 0 4 0 4
 255 5 266 421 266 421 266 421 266 382 266 382 266 382 0 4 0 4
 255 5 383 421 383 421 383 421 383 382 383 382 383 382 0 4 0 4
 255 5 487 421 487 421 487 421 487 382 487 382 487 382 0 4 0 4
 255 5 604 421 604 421 604 421 604 382 604 382 604 382 0 4 0 4
 255 5 721 421 721 421 721 421 721 382 721 382 721 382 0 4 0 4
 255 5 825 421 825 421 825 421 825 421 825 382 825 382 0 4 0 4
 0 5 357 564 357 564 357 564 357 616 357 616 357 616 0 4 0 4
 0 5 461 564 461 564 461 564 461 616 461 616 461 616 0 4 0 4
 0 5 578 564 578 564 578 564 578 616 578 616 578 616 0 4 0 4
 0 5 695 564 695 564 695 564 695 616 695 616 695 616 0 4 0 4
 0 5 799 564 799 564 800 564 800 616 799 616 799 616 0 4 0 4
 0 5 916 564 916 564 885 564 885 616 890 616 890 616 0 4 0 4
 16711680 5 305 525 305 525 305 532 383 532 383 525 383 525 0 4 0 4
 16711680 5 266 525 266 525 266 533 422 533 422 525 422 525 0 4 0 4
 16711680 5 305 421 305 421 305 412 448 412 448 421 448 421 0 4 0 4
 16711680 5 344 421 344 421 344 427 409 427 409 421 409 421 0 4 0 4
 16711680 5 357 421 357 421 357 322 748 322 748 292 748 292 0 4 0 3
 16711680 5 761 292 761 292 955 292 955 517 396 517 396 525 0 3 0 4
 16711680 5 396 551 396 551 396 555 435 555 435 551 435 551 0 4 0 4
 16711680 5 435 538 435 538 435 532 474 532 474 538 474 538 0 4 0 4
 16711680 5 474 512 474 512 474 512 474 473 474 473 474 473 0 4 0 4
 16711680 5 435 434 435 434 435 426 396 426 396 434 396 434 0 4 0 4
 16711680 5 435 447 435 447 435 440 474 440 474 447 474 447 0 4 0 4
 33023 5 409 564 409 564 409 570 539 570 539 564 539 564 0 4 0 4
 33023 5 448 525 448 525 448 531 513 531 513 525 513 525 0 4 0 4
 33023 5 461 421 461 421 461 411 513 411 513 421 513 421 0 4 0 4
 33023 5 539 421 539 421 539 412 422 412 422 421 422 421 0 4 0 4
 65793 5 500 564 500 564 500 564 500 616 500 616 500 616 0 4 0 4
 65793 5 552 564 552 564 552 564 552 616 552 616 552 616 0 4 0 4
 65793 5 500 421 500 421 500 421 500 369 500 369 500 369 0 4 0 4
 65793 5 552 421 552 421 552 421 552 369 552 369 552 369 0 4 0 4
 4227327 5 565 551 565 551 565 570 435 570 435 564 435 564 0 4 0 4
 16776960 5 1155 513 1155 513 1155 513 1155 474 1155 474 1155 474 0 6 0 6
 16776960 5 1142 474 1142 474 1142 474 1142 513 1142 513 1142 513 0 6 0 6
 65535 5 656 525 656 525 656 532 149 532 149 525 149 525 0 4 0 4
 65535 5 630 538 630 538 630 543 136 543 136 538 136 538 0 4 0 4
 65535 5 123 434 123 434 123 428 630 428 630 434 630 434 0 4 0 4
 65535 5 656 434 656 434 656 427 110 427 110 434 110 434 0 4 0 4
 65535 5 669 525 669 530 956 530 956 279 839 279 839 279 0 4 0 3
 65535 5 617 525 617 531 955 531 955 279 826 279 826 279 0 4 0 3
 65535 5 617 421 617 421 617 412 952 412 952 279 813 279 0 4 0 3
 65535 5 669 421 669 421 953 421 953 279 800 279 800 279 0 4 0 3
 255 5 682 564 682 564 682 564 682 603 682 603 682 603 0 4 0 4
 12615680 5 643 525 643 525 643 533 721 533 721 525 721 525 0 4 0 4
 12615680 5 604 525 604 525 604 534 760 534 760 525 760 525 0 4 0 4
 12615680 5 643 447 643 447 643 452 786 452 786 447 786 447 0 4 0 4
 12615680 5 682 434 682 434 682 439 747 439 747 434 747 434 0 4 0 4
 12615680 5 695 434 695 440 952 440 952 181 709 181 709 188 0 4 0 3
 12615680 5 734 564 734 574 952 574 952 188 722 188 722 188 0 4 0 3
 12615680 5 734 551 734 551 734 557 773 557 773 551 773 551 0 4 0 4
 12615680 5 773 538 773 538 773 545 812 545 812 538 812 538 0 4 0 4
 12615680 5 812 512 812 512 812 512 812 473 812 473 812 473 0 4 0 4
 12615680 5 773 447 773 447 773 447 734 447 734 447 734 447 0 4 0 4
 12615680 5 773 460 773 460 773 460 812 460 812 460 812 460 0 4 0 4
 8421631 5 747 551 747 551 747 556 877 556 877 551 877 551 0 4 0 4
 8421631 5 786 538 786 538 786 538 851 538 851 538 851 538 0 4 0 4
 8421631 5 799 447 799 447 799 447 851 447 851 447 851 447 0 4 0 4
 8421631 5 760 460 760 460 760 460 877 460 877 460 877 460 0 4 0 4
 2105376 5 838 564 838 564 838 564 838 616 838 616 838 616 0 4 0 4
 2105376 5 890 564 890 564 890 616 890 616 877 616 877 616 0 4 0 4
 2105376 5 838 421 838 421 838 421 838 369 838 369 838 369 0 4 0 4
 2105376 5 890 434 890 434 890 434 890 369 890 369 890 369 0 4 0 4
 8421631 5 903 538 903 538 903 543 734 543 734 538 734 538 0 4 0 4
 16776960 5 1103 513 1103 513 1103 513 1103 474 1103 474 1103 474 0 6 0 6
 16776960 5 1116 474 1116 474 1116 474 1116 513 1116 513 1116 513 0 6 0 6
 16776960 5 1129 474 1129 474 1129 474 1129 513 1129 513 1129 513 0 6 0 6
 16776960 5 1090 474 1090 474 1090 474 1090 513 1090 513 1090 513 0 6 0 6
 16776960 5 1168 474 1168 474 1168 474 1168 513 1168 513 1168 513 0 6 0 6
 16776960 5 1181 474 1181 474 1180 474 1180 513 1181 513 1181 513 0 6 0 6
 255 5 999 422 999 422 1012 422 1012 383 1025 383 1025 383 0 6 0 6
 0 5 1077 565 1077 565 1077 565 1077 617 1077 617 1077 617 0 6 0 6
 65280 5 565 525 565 525 999 525 999 525 999 526 999 526 0 4 0 6
 65280 5 903 551 903 551 903 546 1012 546 1012 552 1012 552 0 4 0 6
 16776960 5 1025 526 1025 526 1025 534 1090 534 1090 526 1090 526 0 6 0 6
 16776960 5 526 551 526 551 526 532 1194 532 1194 552 1194 552 0 4 0 6
 16776960 5 1194 513 1194 513 1194 513 1194 474 1194 474 1194 474 0 6 0 6
 16776960 5 487 551 487 551 487 584 1181 584 1181 552 1181 552 0 4 0 6
 16776960 5 526 447 526 447 526 454 1168 454 1168 448 1168 448 0 4 0 6
 16776960 5 864 538 864 538 864 541 1142 541 1142 539 1142 539 0 4 0 6
 16776960 5 1129 552 1129 552 1129 548 825 548 825 551 825 551 0 6 0 4
 16776960 5 1116 435 1116 435 1116 428 864 428 864 434 864 434 0 6 0 4
 16776960 5 1103 448 1103 448 903 448 903 448 903 447 903 447 0 6 0 4
 0 5 564 666 576 666 576 613 1025 613 1025 617 1025 617 0 13 0 6
 0 5 766 670 766 670 766 631 1168 631 1168 617 1168 617 0 14 0 6
 16776960 5 941 677 958 677 958 628 1194 628 1194 539 1194 539 0 14 0 6
 16776960 5 1181 539 1181 628 962 628 962 689 921 689 921 677 0 6 0 14
 16776960 5 901 677 961 677 961 632 1169 632 1169 539 1168 539 0 14 0 6
 16776960 5 1155 539 1155 633 958 633 958 688 881 688 881 677 0 6 0 14
 16776960 5 1142 552 1142 635 961 635 961 690 861 690 861 677 0 6 0 14
 16776960 5 1129 565 1129 631 960 631 960 686 841 686 841 677 0 6 0 14
 16776960 5 1116 565 1116 631 959 631 959 686 821 686 821 677 0 6 0 14
 16776960 5 1103 565 1103 635 962 635 962 691 801 691 801 677 0 6 0 14
 16776960 5 1090 565 1090 633 962 633 962 686 739 686 739 673 0 6 0 13
 255 5 1300 110 1300 110 1302 110 1302 149 1300 149 1300 149 0 5 0 5
 255 5 1404 149 1404 149 1404 149 1404 149 1404 110 1404 110 0 5 0 5
 255 5 1508 149 1508 149 1508 149 1508 149 1508 110 1508 110 0 5 0 5
 255 5 1612 149 1612 149 1612 149 1612 110 1612 110 1612 110 0 5 0 5
 255 5 1716 149 1716 149 1716 149 1716 110 1716 110 1716 110 0 5 0 5
 0 5 1014 97 1014 97 1014 97 904 97 904 97 904 97 0 5 0 3
 0 5 1378 344 1378 344 1378 344 1378 292 1378 292 1378 292 0 5 0 5
 0 5 1482 344 1482 344 1482 344 1482 292 1482 292 1482 292 0 5 0 5
 0 5 1586 344 1586 344 1590 344 1590 292 1586 292 1586 292 0 5 0 5
 0 5 1690 292 1690 292 1690 292 1690 344 1690 344 1690 344 0 5 0 5
 16777088 5 1092 266 1092 266 1092 276 397 276 397 266 397 266 0 5 0 3
 16777088 5 1079 266 1079 266 1079 271 358 271 358 266 358 266 0 5 0 3
 16777088 5 1092 240 1092 240 1092 240 1092 201 1092 201 1092 201 0 5 0 5
 16777088 5 1079 201 1079 201 1079 201 1079 240 1079 240 1079 240 0 5 0 5
 16777088 5 1066 201 1066 201 1066 201 1066 240 1066 240 1066 240 0 5 0 5
 16777088 5 1053 201 1053 201 1053 201 1053 240 1053 240 1053 240 0 5 0 5
 16777088 5 1066 149 1066 149 1066 142 397 142 397 162 397 162 0 5 0 3
 16777088 5 1053 162 1053 162 1053 147 436 147 436 162 436 162 0 5 0 3
 16777088 5 514 279 514 279 514 274 1040 274 1040 279 1040 279 0 3 0 5
 16777088 5 1040 240 1040 240 1040 240 1040 201 1040 201 1040 201 0 5 0 5
 16777088 5 1027 201 1027 201 1027 201 1027 240 1027 240 1027 240 0 5 0 5
 16777088 5 1027 292 1027 292 1027 292 475 292 475 292 475 292 0 5 0 3
 16777088 5 1014 201 1014 201 1014 201 1014 240 1014 240 1014 240 0 5 0 5
 16777088 5 1014 162 1012 162 1012 132 514 132 514 162 514 162 0 5 0 3
 16777088 5 553 162 553 162 553 151 1001 151 1001 162 1001 162 0 3 0 5
 16777088 5 988 175 988 175 988 175 566 175 566 175 566 175 0 5 0 3
 16744703 5 1193 36 1193 6 1829 6 1829 149 1807 149 1807 149 0 15 0 5
 16744703 5 1807 201 1807 201 1808 201 1808 240 1807 240 1807 240 0 5 0 5
 255 5 1105 110 1105 110 1105 110 1105 110 1105 149 1105 149 0 5 0 5
 255 5 1196 149 1196 149 1196 149 1196 110 1196 110 1196 110 0 5 0 5
 0 5 1183 344 1183 344 1182 344 1182 292 1183 292 1183 292 0 5 0 5
 0 5 1274 292 1274 292 1274 292 1274 344 1274 344 1274 344 0 5 0 5
 0 5 1794 292 1794 292 1794 341 1781 341 1781 344 1781 344 0 5 0 5
 16776960 5 1001 240 1001 240 1001 240 1001 201 1001 201 1001 201 0 5 0 5
 16776960 5 988 201 988 201 988 201 988 240 988 240 988 240 0 5 0 5
 0 5 1019 68 1019 68 1019 97 1019 97 1027 97 1027 97 0 15 0 5
 0 5 1416 51 1416 51 1417 51 1417 51 1417 97 1417 97 0 16 0 5
 0 5 1635 48 1635 48 1638 48 1638 48 1638 97 1638 97 0 17 0 5
 16777088 5 1246 474 1246 474 1246 474 1246 513 1246 513 1246 513 0 6 0 6
 16777088 5 1259 474 1259 474 1259 474 1259 513 1259 513 1259 513 0 6 0 6
 16777088 5 1272 474 1272 474 1272 474 1272 513 1272 513 1272 513 0 6 0 6
 16777088 5 1285 474 1285 474 1285 474 1285 513 1285 513 1285 513 0 6 0 6
 16777088 5 1298 474 1298 474 1298 474 1298 513 1298 513 1298 513 0 6 0 6
 16777088 5 1311 474 1311 474 1311 474 1311 474 1311 513 1311 513 0 6 0 6
 16777088 5 1324 474 1324 474 1325 474 1325 513 1324 513 1324 513 0 6 0 6
 16777088 5 1337 474 1337 474 1337 474 1337 513 1337 513 1337 513 0 6 0 6
 16777088 5 1350 474 1350 474 1350 474 1350 513 1350 513 1350 513 0 6 0 6
 16777088 5 1363 474 1363 474 1363 474 1363 513 1363 513 1363 513 0 6 0 6
 16777088 5 565 460 565 460 1155 460 1155 460 1155 461 1155 461 0 4 0 6
 255 5 1389 422 1389 422 1389 422 1389 383 1389 383 1389 383 0 6 0 6
 255 5 1519 422 1519 422 1519 422 1519 383 1519 383 1519 383 0 6 0 6
 255 5 1662 422 1662 422 1663 422 1663 383 1662 383 1662 383 0 6 0 6
 0 5 1467 565 1467 565 1467 565 1467 617 1467 617 1467 617 0 6 0 6
 0 5 1597 565 1597 565 1597 565 1597 617 1597 617 1597 617 0 6 0 6
 0 5 1740 565 1740 565 1740 565 1740 617 1740 617 1740 617 0 6 0 6
 16711935 5 1807 292 1807 292 1803 292 1803 422 1805 422 1805 422 0 5 0 6
 16711935 5 1805 474 1805 474 1805 474 1805 513 1805 513 1805 513 0 6 0 6
 16711935 5 1805 565 1805 565 1805 565 1792 565 1792 565 1792 565 0 6 0 6
 16711935 5 1792 552 1792 552 1792 553 1779 553 1779 552 1779 552 0 6 0 6
 16711935 5 1779 539 1779 539 1779 539 1766 539 1766 539 1766 539 0 6 0 6
 16711935 5 1779 513 1779 513 1779 513 1779 474 1779 474 1779 474 0 6 0 6
 16711935 5 1792 513 1792 513 1792 513 1792 474 1792 474 1792 474 0 6 0 6
 16711935 5 1766 513 1766 513 1766 513 1766 474 1766 474 1766 474 0 6 0 6
 33023 5 1105 292 1105 292 1105 292 1092 292 1092 292 1092 292 0 5 0 5
 33023 5 1118 292 1118 292 1118 292 1807 292 1807 279 1807 279 0 5 0 5
 33023 5 1131 279 1131 279 1131 279 1196 279 1196 279 1196 279 0 5 0 5
 33023 5 1144 266 1144 266 1150 266 1150 394 1194 394 1194 461 0 5 0 6
 33023 5 1157 266 1157 266 1157 266 1157 266 1313 266 1313 266 0 5 0 5
 33023 5 1300 253 1300 253 1300 273 1807 273 1807 253 1807 253 0 5 0 5
 33023 5 1170 253 1170 253 1170 253 1209 253 1209 253 1209 253 0 5 0 5
 33023 5 1222 292 1222 292 1222 421 1363 421 1363 422 1363 422 0 5 0 6
 33023 5 1170 188 1170 188 1170 188 1079 188 1079 188 1079 188 0 5 0 5
 33023 5 1157 175 1157 175 1157 176 1807 176 1807 175 1807 175 0 5 0 5
 33023 5 1144 162 1144 160 1286 160 1286 253 1248 253 1248 253 0 5 0 5
 33023 5 1183 188 1183 188 1286 188 1286 253 1235 253 1235 253 0 5 0 5
 33023 5 1131 175 1131 175 1097 175 1097 421 1181 421 1181 448 0 5 0 6
 33023 5 1118 162 1118 160 1290 160 1290 279 1339 279 1339 279 0 5 0 5
 33023 5 1326 266 1326 266 1326 293 1807 293 1807 266 1807 266 0 5 0 5
 33023 5 1261 292 1261 292 1261 421 1350 421 1350 422 1350 422 0 5 0 6
 33023 5 1404 292 1404 292 1404 292 1066 292 1066 292 1066 292 0 5 0 5
 33023 5 1417 292 1417 292 1417 293 1805 293 1805 435 1805 435 0 5 0 6
 33023 5 1430 292 1430 292 1291 292 1291 162 1261 162 1261 162 0 5 0 5
 33023 5 1248 162 1248 161 1388 161 1388 279 1469 279 1469 279 0 5 0 5
 33023 5 1443 253 1443 253 1443 276 1170 276 1170 435 1168 435 0 5 0 6
 33023 5 1456 292 1456 292 1365 292 1365 292 1365 279 1365 279 0 5 0 5
 33023 5 1352 253 1352 253 1352 291 1792 291 1792 422 1792 422 0 5 0 6
 33023 5 1274 188 1274 188 1287 188 1287 422 1337 422 1337 422 0 5 0 6
 33023 5 1363 565 1363 564 1874 564 1874 69 1810 69 1810 55 0 6 0 17
 33023 5 1350 552 1350 568 1866 568 1866 71 1790 71 1790 55 0 6 0 17
 33023 5 1337 539 1337 544 1860 544 1860 75 1770 75 1770 55 0 6 0 17
 255 5 1027 110 1027 110 1015 110 1015 10 1019 10 1019 10 0 5 0 15
 33023 5 1456 175 1456 175 1456 158 1807 158 1807 188 1807 188 0 5 0 5
 33023 5 1155 422 1155 423 1287 423 1287 174 1430 174 1430 175 0 6 0 5
 33023 5 1417 162 1417 162 1417 150 1326 150 1326 149 1326 149 0 5 0 5
 33023 5 1313 162 1313 162 1313 160 1807 160 1807 162 1807 162 0 5 0 5
 33023 5 1482 188 1482 188 1482 178 1222 178 1222 175 1222 175 0 5 0 5
 33023 5 1209 149 1209 149 1209 150 1443 150 1443 149 1443 149 0 5 0 5
 33023 5 1235 175 1289 175 1289 421 1323 421 1323 422 1324 422 0 5 0 6
 33023 5 1324 565 1324 566 1854 566 1854 81 1750 81 1750 55 0 6 0 17
 33023 5 1716 292 1716 292 1716 292 1716 292 1040 292 1040 292 0 5 0 5
 33023 5 1729 292 1729 292 1729 292 1792 292 1792 435 1792 435 0 5 0 6
 33023 5 1742 279 1742 279 1742 288 1508 288 1508 279 1508 279 0 5 0 5
 33023 5 1755 253 1755 253 1755 424 1142 424 1142 422 1142 422 0 5 0 6
 33023 5 1768 253 1768 292 1390 292 1390 175 1352 175 1352 175 0 5 0 5
 33023 5 1339 175 1339 176 1704 176 1704 294 1779 294 1779 422 0 5 0 6
 33023 5 1781 279 1781 279 1781 291 1521 291 1521 279 1521 279 0 5 0 5
 33023 5 1534 292 1534 292 1315 292 1315 421 1311 421 1311 422 0 5 0 6
 33023 5 1311 565 1311 565 1845 565 1845 84 1730 84 1730 55 0 6 0 17
 33023 5 1027 188 1027 188 1027 190 1781 190 1781 188 1781 188 0 5 0 5
 33023 5 1768 162 1768 162 1707 162 1707 294 1779 294 1779 435 0 5 0 6
 33023 5 1794 188 1794 188 1705 188 1705 272 1547 272 1547 253 0 5 0 5
 33023 5 1560 266 1560 266 1605 266 1605 156 1755 156 1755 149 0 5 0 5
 33023 5 1742 149 1742 177 1287 177 1287 424 1129 424 1129 422 0 5 0 6
 33023 5 1729 149 1729 149 1729 158 1378 158 1378 162 1378 162 0 5 0 5
 33023 5 1365 162 1365 160 1707 160 1707 293 1779 293 1779 448 0 5 0 6
 33023 5 1573 292 1573 292 1261 292 1261 421 1298 421 1298 422 0 5 0 6
 33023 5 1298 565 1298 565 1835 565 1835 81 1710 81 1710 55 0 6 0 17
 33023 5 1662 526 1662 526 1646 526 1646 276 1014 276 1014 253 0 6 0 5
 33023 5 1675 526 1675 526 1675 521 1779 521 1779 526 1779 526 0 6 0 6
 33023 5 1688 526 1688 521 1605 521 1605 187 1573 187 1573 188 0 6 0 5
 33023 5 1560 188 1560 189 1602 189 1602 527 1727 527 1727 526 0 5 0 6
 33023 5 1714 552 1714 542 1650 542 1650 292 1625 292 1625 292 0 6 0 5
 33023 5 1612 292 1612 292 1612 394 1766 394 1766 422 1766 422 0 5 0 6
 33023 5 1586 188 1586 188 1586 188 1586 422 1285 422 1285 422 0 5 0 6
 33023 5 1285 565 1285 565 1826 565 1826 83 1690 83 1690 55 0 6 0 17
 33023 5 1701 539 1701 539 1701 549 1116 549 1116 539 1116 539 0 6 0 6
 33023 5 1469 188 1469 188 1469 188 1469 188 1053 188 1053 188 0 5 0 5
 33023 5 1727 461 1727 461 1727 422 1091 422 1091 253 1001 253 0 6 0 5
 33023 5 1714 461 1714 461 1714 461 1766 461 1766 461 1766 461 0 6 0 6
 33023 5 1740 448 1740 404 1494 404 1494 188 1534 188 1534 188 0 6 0 5
 33023 5 1521 175 1521 175 1495 175 1495 435 1701 435 1701 461 0 5 0 6
 33023 5 1688 448 1688 448 1688 424 1103 424 1103 435 1103 435 0 6 0 6
 33023 5 1675 435 1675 435 1675 427 1651 427 1651 279 1651 279 0 6 0 5
 33023 5 1638 266 1638 266 1638 272 1766 272 1766 435 1766 435 0 5 0 6
 33023 5 1547 188 1547 188 1496 188 1496 423 1272 423 1272 422 0 5 0 6
 33023 5 1272 565 1272 564 1822 564 1822 85 1670 85 1670 55 0 6 0 17
 33023 5 1519 539 1519 539 1493 539 1493 275 988 275 988 253 0 6 0 5
 33023 5 1532 565 1532 565 1532 565 1766 565 1766 565 1766 565 0 6 0 6
 33023 5 1545 552 1545 552 1545 552 1389 552 1389 552 1389 552 0 6 0 6
 33023 5 1402 526 1402 526 1402 526 1402 526 1584 526 1584 526 0 6 0 6
 0 5 1558 552 1558 552 1558 552 1558 617 1558 617 1558 617 0 6 0 6
 33023 5 1571 539 1571 543 1650 543 1650 279 1677 279 1677 279 0 6 0 5
 33023 5 1664 266 1664 275 1793 275 1793 461 1779 461 1779 461 0 5 0 6
 33023 5 1415 539 1415 539 1415 546 1259 546 1259 539 1259 539 0 6 0 6
 0 5 1584 422 1584 422 1584 370 1584 370 1571 370 1571 370 0 6 0 6
 33023 5 1571 461 1571 461 1571 461 1792 461 1792 461 1792 461 0 6 0 6
 33023 5 1597 448 1597 448 1494 448 1494 523 1428 523 1428 526 0 6 0 6
 33023 5 1441 539 1441 539 1494 539 1494 461 1558 461 1558 461 0 6 0 6
 33023 5 1090 422 1090 422 1090 424 1545 424 1545 422 1545 422 0 6 0 6
 33023 5 1532 422 1532 422 1496 422 1496 188 1638 188 1638 188 0 6 0 5
 33023 5 1625 175 1625 175 1803 175 1803 448 1792 448 1792 448 0 5 0 6
 33023 5 1454 526 1454 526 1454 531 1246 531 1246 526 1246 526 0 6 0 6
 33023 5 1246 565 1246 569 1893 569 1893 93 1571 93 1571 58 0 6 0 16
 33023 5 1259 565 1259 565 1881 565 1881 92 1591 92 1591 58 0 6 0 16
 255 5 1025 604 1025 604 1036 604 1036 657 1047 657 1047 657 0 6 0 18
 255 5 1814 657 1814 657 1897 657 1897 904 1814 904 1814 904 0 18 0 18
 0 5 1038 617 1038 617 1038 670 1038 670 1047 670 1047 670 0 6 0 18
 0 5 1814 670 1814 670 1883 670 1883 891 1814 891 1814 891 0 18 0 18
 16776960 5 1311 526 1311 526 1311 683 1021 683 1021 709 1021 709 0 6 0 18
 16776960 5 1324 526 1324 526 1324 691 1034 691 1034 709 1034 709 0 6 0 18
 16776960 5 1337 526 1337 526 1337 690 1047 690 1047 709 1047 709 0 6 0 18
 16776960 5 1350 526 1350 526 1350 691 1060 691 1060 709 1060 709 0 6 0 18
 16776960 5 1363 526 1363 526 1363 677 1073 677 1073 709 1073 709 0 6 0 18
 16776960 5 1034 761 1034 761 1034 761 1034 800 1034 800 1034 800 0 18 0 18
 16776960 5 1021 761 1021 761 1021 761 1021 800 1021 800 1021 800 0 18 0 18
 16776960 5 1047 761 1047 761 1047 761 1047 800 1047 800 1047 800 0 18 0 18
 16776960 5 1060 761 1060 761 1060 761 1060 800 1060 800 1060 800 0 18 0 18
 16776960 5 1073 761 1073 761 1073 761 1073 800 1073 800 1073 800 0 18 0 18
 255 5 1125 709 1125 709 1125 709 1125 657 1125 657 1125 657 0 18 0 18
 255 5 1268 709 1268 709 1268 709 1268 657 1268 657 1268 657 0 18 0 18
 255 5 1411 709 1411 709 1411 709 1411 657 1411 657 1411 657 0 18 0 18
 255 5 1528 709 1528 709 1528 709 1528 657 1528 657 1528 657 0 18 0 18
 0 5 1216 852 1216 852 1216 852 1216 891 1216 891 1216 891 0 18 0 18
 0 5 1359 852 1359 852 1359 852 1359 891 1359 891 1359 891 0 18 0 18
 0 5 1489 852 1489 852 1489 852 1489 891 1489 891 1489 891 0 18 0 18
 0 5 1606 852 1606 852 1606 852 1606 891 1606 891 1606 891 0 18 0 18
 16711680 5 1528 852 1526 852 1526 867 1047 867 1047 852 1047 852 0 18 0 18
 16711680 5 1541 839 1541 839 1541 870 1034 870 1034 839 1034 839 0 18 0 18
 16711680 5 1554 813 1554 813 1554 807 1411 807 1411 813 1411 813 0 18 0 18
 16711680 5 1424 813 1424 813 1424 822 1021 822 1021 813 1021 813 0 18 0 18
 16711680 5 1437 826 1437 826 1437 820 1190 820 1190 826 1190 826 0 18 0 18
 16711680 5 1190 839 1190 839 1190 833 1138 833 1138 839 1138 839 0 18 0 18
 16711680 5 1203 852 1203 852 1203 852 1203 891 1203 891 1203 891 0 18 0 18
 16711680 5 1138 709 1138 709 1138 709 1138 670 1138 670 1138 670 0 18 0 18
 16711680 5 1190 709 1190 709 1190 709 1190 670 1190 670 1190 670 0 18 0 18
 16711680 5 1177 813 1177 813 1177 808 1047 808 1047 813 1047 813 0 18 0 18
 16711680 5 1151 813 1151 813 1151 820 1034 820 1034 813 1034 813 0 18 0 18
 16711680 5 1151 748 1151 748 1151 741 1021 741 1021 748 1021 748 0 18 0 18
 16711680 5 1177 709 1177 709 1177 709 1177 670 1177 670 1177 670 0 18 0 18
 16711680 5 1164 852 1164 852 1164 877 1580 877 1580 852 1580 852 0 18 0 18
 16711680 5 1567 852 1567 852 1567 872 1060 872 1060 852 1060 852 0 18 0 18
 16711680 5 1593 826 1593 826 1593 831 1450 831 1450 826 1450 826 0 18 0 18
 16711680 5 1463 852 1463 852 1463 866 1125 866 1125 852 1125 852 0 18 0 18
 16711680 5 1476 839 1476 839 1476 839 1515 839 1515 839 1515 839 0 18 0 18
 16711680 5 1515 761 1515 761 1515 761 1515 800 1515 800 1515 800 0 18 0 18
 16711680 5 1515 748 1515 748 1515 748 1593 748 1593 748 1593 748 0 18 0 18
 16711680 5 1580 735 1580 735 1580 730 1164 730 1164 735 1164 735 0 18 0 18
 16711680 5 1606 748 1606 748 1606 748 1385 748 1385 748 1385 748 0 18 0 18
 16711680 5 1385 761 1385 761 1385 761 1385 800 1385 800 1385 800 0 18 0 18
 16711680 5 1385 813 1385 813 1385 808 1333 808 1333 813 1333 813 0 18 0 18
 16711680 5 1346 852 1346 852 1346 852 1346 891 1346 891 1346 891 0 18 0 18
 16711680 5 1281 709 1281 709 1281 709 1281 670 1281 670 1281 670 0 18 0 18
 16711680 5 1333 709 1333 709 1333 709 1333 670 1333 670 1333 670 0 18 0 18
 16711680 5 1333 852 1333 852 1333 862 1281 862 1281 852 1281 852 0 18 0 18
 65408 5 1060 839 1060 839 1060 839 1320 839 1320 839 1320 839 0 18 0 18
 65408 5 1294 813 1294 813 1294 808 1164 808 1164 813 1164 813 0 18 0 18
 65408 5 1294 748 1294 748 1294 748 1112 748 1112 748 1112 748 0 18 0 18
 65408 5 1112 800 1112 800 1112 800 1112 761 1112 761 1112 761 0 18 0 18
 65408 5 1112 813 1112 813 1112 813 1125 813 1125 813 1125 813 0 18 0 18
 65408 5 1320 735 1320 735 1320 730 1164 730 1164 722 1164 722 0 18 0 18
 255 5 1632 709 1632 709 1632 709 1632 657 1632 657 1632 657 0 18 0 18
 255 5 1749 709 1749 709 1749 709 1749 657 1749 657 1749 657 0 18 0 18
 0 5 1723 852 1723 852 1723 852 1723 891 1723 891 1723 891 0 18 0 18
 0 5 1840 852 1840 852 1840 891 1840 891 1801 891 1801 891 0 18 0 18
 255 5 175 603 175 603 43 603 43 795 80 795 80 795 0 4 0 20
 255 5 847 795 847 795 946 795 946 1042 847 1042 847 1042 0 20 0 20
 255 5 145 847 145 847 145 847 145 795 145 795 145 795 0 20 0 20
 255 5 288 795 288 795 288 795 288 847 288 847 288 847 0 20 0 20
 255 5 431 795 431 795 431 795 431 847 431 847 431 847 0 20 0 20
 0 5 175 616 175 616 27 616 27 808 80 808 80 808 0 4 0 20
 0 5 847 808 847 808 920 808 920 1029 847 1029 847 1029 0 20 0 20
 0 5 223 990 223 990 223 990 223 1029 223 1029 223 1029 0 20 0 20
 0 5 379 990 379 990 379 990 379 1029 379 1029 379 1029 0 20 0 20
 0 5 522 990 522 990 522 990 522 1029 522 1029 522 1029 0 20 0 20
 65535 5 1073 722 1073 722 652 722 652 722 652 847 652 847 0 18 0 20
 65535 5 1307 813 1307 813 1307 819 639 819 639 847 639 847 0 18 0 20
 65535 5 1268 826 1268 826 626 826 626 826 626 847 626 847 0 18 0 20
 65535 5 1307 735 1307 735 1307 757 613 757 613 847 613 847 0 18 0 20
 65535 5 1606 735 1606 735 600 735 600 735 600 847 600 847 0 18 0 20
 65535 5 652 899 652 899 652 899 652 938 652 938 652 938 0 20 0 20
 65535 5 639 899 639 899 639 899 639 938 639 938 639 938 0 20 0 20
 65535 5 626 899 626 899 626 899 626 938 626 938 626 938 0 20 0 20
 65535 5 613 899 613 899 613 899 613 938 613 938 613 938 0 20 0 20
 65535 5 600 899 600 899 600 899 600 938 600 938 600 938 0 20 0 20
 65535 5 587 899 587 899 587 899 587 938 587 938 587 938 0 20 0 20
 65535 5 1246 539 1246 539 1246 639 553 639 553 847 561 847 0 6 0 20
 65535 5 561 899 561 899 561 899 561 938 561 938 561 938 0 20 0 20
 65408 5 652 951 652 951 652 946 509 946 509 951 509 951 0 20 0 20
 65408 5 639 990 639 990 639 1006 431 1006 431 990 431 990 0 20 0 20
 65408 5 626 990 626 990 626 996 444 996 444 990 444 990 0 20 0 20
 65408 5 496 990 496 990 496 1007 613 1007 613 990 613 990 0 20 0 20
 65408 5 522 847 522 847 495 847 495 847 495 775 495 775 0 20 0 19
 65408 5 509 860 509 860 509 853 482 853 482 775 482 775 0 20 0 19
 65408 5 496 860 496 860 469 860 469 860 469 775 469 775 0 20 0 19
 65408 5 483 873 483 873 456 873 456 873 456 775 456 775 0 20 0 19
 65408 5 470 886 470 886 470 873 443 873 443 775 443 775 0 20 0 19
 65408 5 457 886 457 886 521 886 521 886 521 775 521 775 0 20 0 19
 65408 5 508 775 508 775 508 886 508 886 444 886 444 886 0 19 0 20
 65408 5 301 990 301 990 301 990 301 1029 301 1029 301 1029 0 20 0 20
 65408 5 353 990 353 990 353 990 353 1029 353 1029 353 1029 0 20 0 20
 65408 5 366 977 366 977 366 982 600 982 600 977 600 977 0 20 0 20
 65408 5 587 964 587 964 587 969 288 969 288 964 288 964 0 20 0 20
 65408 5 379 847 379 847 391 847 391 847 391 775 391 775 0 20 0 19
 65408 5 1437 852 1437 852 1437 1077 587 1077 587 990 587 990 0 18 0 20
 65408 5 366 847 366 847 378 847 378 847 378 775 378 775 0 20 0 19
 65408 5 353 847 353 847 365 847 365 847 365 775 365 775 0 20 0 19
 65408 5 340 847 340 847 352 847 352 847 352 775 352 775 0 20 0 19
 65408 5 327 847 327 847 339 847 339 847 339 775 339 775 0 20 0 19
 65408 5 404 775 404 775 404 860 404 860 301 860 301 860 0 19 0 20
 65408 5 417 775 417 775 417 873 417 873 314 873 314 873 0 19 0 20
 65408 5 561 990 561 990 561 990 145 990 145 990 145 990 0 20 0 20
 65408 5 158 977 158 977 263 977 263 775 313 775 313 775 0 20 0 19
 255 5 110 679 110 679 93 679 93 679 93 795 93 795 0 19 0 20
28
 7004 1 14 586 201 5 0 8583336 22962304 3
 7004 1 14 690 201 5 0 8583336 22962304 3
 7283 1 16 469 201 5 0 8583336 22962304 3
 7283 1 16 352 201 5 0 8583336 22962304 3
 7283 1 16 819 473 5 0 8583336 22962304 4
 7086 1 14 715 473 5 0 8583336 22962304 4
 7283 1 16 598 473 5 0 8583336 22962304 4
 7283 1 16 481 473 5 0 8583336 22962304 4
 7086 1 14 377 473 5 0 8583336 22962304 4
 7283 1 16 260 473 5 0 8583336 22962304 4
 7008 1 14 1099 201 5 0 8583336 22962304 5
 7008 1 14 1656 474 5 0 8583336 22962304 6
 7008 1 14 1513 474 5 0 8583336 22962304 6
 7008 1 14 1710 201 5 0 8583336 22962304 5
 7008 1 14 1398 201 5 0 8583336 22962304 5
 7032 1 14 1502 201 5 0 8583336 22962304 5
 7032 1 14 1190 201 5 0 8583336 22962304 5
 7032 1 14 1383 474 5 0 8583336 22962304 6
 7004 1 14 1294 201 5 0 8583336 22962304 5
 7004 1 14 1606 201 5 0 8583336 22962304 5
 7032 1 14 993 474 5 0 8583336 22935952 6
 7283 1 16 1119 761 5 0 4214488 2008697056 18
 7283 1 16 1262 761 5 0 4214488 2008697056 18
 7008 1 14 1405 761 5 0 4214488 2008697056 18
 7032 1 14 1522 761 5 0 4214488 2008697056 18
 7047 1 16 282 899 5 0 4214488 2008697056 20
 7047 1 16 425 899 5 0 4214488 2008697056 20
 7004 1 14 139 899 5 0 4214488 2008697056 20
